0 -65.102 -65.102 2 1 0
0.0302408 -65.0759 -65.0759 1 1 0
0.0605326 -65.0497 -65.0497 1 1 0
0.121267 -64.9977 -64.9977 1 1 0
0.212739 -64.92 -64.92 1 1 0
0.350768 -64.8045 -64.8045 1 1 0
0.559608 -64.6334 -64.6334 1 1 0
0.876735 -64.3815 -64.3815 1 1 0
1.27427 -64.0783 -64.0783 1 1 0
1.67798 -63.7834 -63.7834 1 1 0
2.08738 -63.4964 -63.4964 1 1 0
2.08738 -63.4964 -63.4964 2 1 0
2.12036 -63.4737 -63.4737 1 1 0
2.15338 -63.4512 -63.4512 1 1 0
2.21951 -63.4062 -63.4062 1 1 0
2.35216 -63.3167 -63.3167 1 1 0
2.55209 -63.184 -63.184 1 1 0
2.85403 -62.9879 -62.9879 1 1 0
3.27721 -62.7217 -62.7217 1 1 0
3.7045 -62.4621 -62.4621 1 1 0
4.13559 -62.2088 -62.2088 1 1 0
4.57015 -61.9615 -61.9615 1 1 0
5.00791 -61.72 -61.72 1 1 0
5.44861 -61.4838 -61.4838 1 1 0
5.89202 -61.2528 -61.2528 1 1 0
6.33793 -61.0267 -61.0267 1 1 0
6.78615 -60.8051 -60.8051 1 1 0
7.2365 -60.5879 -60.5879 1 1 0
7.68881 -60.3748 -60.3748 1 1 0
7.96563 -60.2468 -60.2468 1 1 0
8.42081 -60.0399 -60.0399 2 1 0
8.87758 -59.8366 -59.8366 2 1 0
9.33585 -59.6366 -59.6366 2 1 0
9.7955 -59.4399 -59.4399 2 1 0
10.2564 -59.2462 -59.2462 2 1 0
10.7186 -59.0553 -59.0553 2 1 0
11.1818 -58.8671 -58.8671 2 1 0
11.6461 -58.6815 -58.6815 2 1 0
12.1113 -58.4983 -58.4983 2 1 0
12.5774 -58.3174 -58.3174 2 1 0
13.0443 -58.1386 -58.1386 2 1 0
13.512 -57.9619 -57.9619 2 1 0
13.9805 -57.787 -57.787 2 1 0
14.4495 -57.614 -57.614 2 1 0
14.9193 -57.4426 -57.4426 2 1 0
15.3895 -57.2729 -57.2729 2 1 0
15.8604 -57.1046 -57.1046 2 1 0
16.3317 -56.9377 -56.9377 2 1 0
16.8034 -56.7721 -56.7721 2 1 0
17.2756 -56.6077 -56.6077 2 1 0
17.7482 -56.4444 -56.4444 2 1 0
18.2212 -56.2822 -56.2822 2 1 0
18.6944 -56.1209 -56.1209 2 1 0
19.168 -55.9605 -55.9605 2 1 0
19.6418 -55.8009 -55.8009 2 1 0
20.1159 -55.642 -55.642 2 1 0
20.5902 -55.4837 -55.4837 2 1 0
21.0646 -55.3261 -55.3261 2 1 0
21.5393 -55.1689 -55.1689 2 1 0
22.0141 -55.0121 -55.0121 2 1 0
22.489 -54.8557 -54.8557 2 1 0
22.964 -54.6996 -54.6996 2 1 0
23.439 -54.5438 -54.5438 2 1 0
23.9141 -54.388 -54.388 2 1 0
24.3893 -54.2324 -54.2324 2 1 0
24.8644 -54.0767 -54.0767 2 1 0
25.3395 -53.921 -53.921 2 1 0
25.8146 -53.7652 -53.7652 2 1 0
26.2896 -53.6092 -53.6092 2 1 0
26.7646 -53.4529 -53.4529 2 1 0
27.2394 -53.2962 -53.2962 2 1 0
27.7141 -53.1392 -53.1392 2 1 0
28.1886 -52.9817 -52.9817 2 1 0
28.663 -52.8237 -52.8237 2 1 0
29.1371 -52.665 -52.665 2 1 0
29.611 -52.5057 -52.5057 2 1 0
30.0847 -52.3456 -52.3456 2 1 0
30.5581 -52.1847 -52.1847 2 1 0
31.0312 -52.0229 -52.0229 2 1 0
31.5039 -51.8601 -51.8601 2 1 0
31.9763 -51.6963 -51.6963 2 1 0
32.4483 -51.5314 -51.5314 2 1 0
32.9199 -51.3654 -51.3654 2 1 0
33.3911 -51.198 -51.198 2 1 0
33.8618 -51.0294 -51.0294 2 1 0
34.332 -50.8595 -50.8595 2 1 0
34.8017 -50.6881 -50.6881 2 1 0
35.2709 -50.5153 -50.5153 2 1 0
35.7395 -50.341 -50.341 2 1 0
36.2075 -50.1652 -50.1652 2 1 0
36.675 -49.9879 -49.9879 2 1 0
37.1419 -49.8091 -49.8091 2 1 0
37.6083 -49.6288 -49.6288 2 1 0
38.074 -49.447 -49.447 2 1 0
38.5393 -49.2638 -49.2638 2 1 0
39.004 -49.0794 -49.0794 2 1 0
39.4682 -48.8937 -48.8937 2 1 0
39.932 -48.707 -48.707 2 1 0
40.3955 -48.5194 -48.5194 2 1 0
40.8587 -48.3313 -48.3313 2 1 0
41.3217 -48.1427 -48.1427 2 1 0
41.7847 -47.954 -47.954 2 1 0
42.2478 -47.7655 -47.7655 2 1 0
42.7111 -47.5775 -47.5775 2 1 0
43.1748 -47.3905 -47.3905 2 1 0
43.6389 -47.2047 -47.2047 2 1 0
44.1038 -47.0206 -47.0206 2 1 0
44.5694 -46.8384 -46.8384 2 1 0
45.0359 -46.6587 -46.6587 2 1 0
45.5035 -46.4816 -46.4816 2 1 0
45.9722 -46.3076 -46.3076 2 1 0
46.4422 -46.1368 -46.1368 2 1 0
46.9133 -45.9695 -45.9695 2 1 0
47.3858 -45.8059 -45.8059 2 1 0
47.8596 -45.6462 -45.6462 2 1 0
48.3347 -45.4903 -45.4903 2 1 0
48.8111 -45.3384 -45.3384 2 1 0
49.2887 -45.1905 -45.1905 2 1 0
49.7675 -45.0467 -45.0467 2 1 0
50.2476 -44.9067 -44.9067 2 1 0
50.7287 -44.7707 -44.7707 2 1 0
51.2109 -44.6384 -44.6384 2 1 0
51.6941 -44.5099 -44.5099 2 1 0
52.1782 -44.385 -44.385 2 1 0
52.6633 -44.2636 -44.2636 2 1 0
53.1491 -44.1455 -44.1455 2 1 0
53.6358 -44.0308 -44.0308 2 1 0
54.1232 -43.9191 -43.9191 2 1 0
54.6112 -43.8105 -43.8105 2 1 0
55.0999 -43.7047 -43.7047 2 1 0
55.5892 -43.6017 -43.6017 2 1 0
56.079 -43.5014 -43.5014 2 1 0
56.5694 -43.4036 -43.4036 2 1 0
57.0602 -43.3083 -43.3083 2 1 0
57.5515 -43.2153 -43.2153 2 1 0
58.0431 -43.1245 -43.1245 2 1 0
58.5352 -43.0358 -43.0358 2 1 0
59.0277 -42.9493 -42.9493 2 1 0
59.5204 -42.8646 -42.8646 2 1 0
60.0136 -42.7819 -42.7819 2 1 0
60.507 -42.7009 -42.7009 2 1 0
61.0006 -42.6217 -42.6217 2 1 0
61.4946 -42.5441 -42.5441 2 1 0
61.9888 -42.4682 -42.4682 2 1 0
62.4832 -42.3937 -42.3937 2 1 0
62.9778 -42.3208 -42.3208 2 1 0
63.4727 -42.2492 -42.2492 2 1 0
63.9677 -42.179 -42.179 2 1 0
64.463 -42.1101 -42.1101 2 1 0
64.9584 -42.0424 -42.0424 2 1 0
65.4539 -41.976 -41.976 2 1 0
65.9496 -41.9107 -41.9107 2 1 0
66.4455 -41.8466 -41.8466 2 1 0
66.9415 -41.7835 -41.7835 2 1 0
67.4377 -41.7215 -41.7215 2 1 0
67.9339 -41.6605 -41.6605 2 1 0
68.4303 -41.6005 -41.6005 2 1 0
68.9268 -41.5414 -41.5414 2 1 0
69.4234 -41.4833 -41.4833 2 1 0
69.9201 -41.426 -41.426 2 1 0
70.4169 -41.3695 -41.3695 2 1 0
70.9138 -41.3139 -41.3139 2 1 0
71.4108 -41.2591 -41.2591 2 1 0
71.9079 -41.2051 -41.2051 2 1 0
72.405 -41.1518 -41.1518 2 1 0
72.9022 -41.0993 -41.0993 2 1 0
73.3995 -41.0474 -41.0474 2 1 0
73.8969 -40.9963 -40.9963 2 1 0
74.3944 -40.9458 -40.9458 2 1 0
74.8919 -40.896 -40.896 2 1 0
75.3894 -40.8468 -40.8468 2 1 0
75.8871 -40.7982 -40.7982 2 1 0
76.3848 -40.7502 -40.7502 2 1 0
76.8825 -40.7028 -40.7028 2 1 0
77.3803 -40.6559 -40.6559 2 1 0
77.8782 -40.6096 -40.6096 2 1 0
78.3761 -40.5638 -40.5638 2 1 0
78.874 -40.5186 -40.5186 2 1 0
79.372 -40.4739 -40.4739 2 1 0
79.87 -40.4296 -40.4296 2 1 0
80.3681 -40.3859 -40.3859 2 1 0
80.8662 -40.3426 -40.3426 2 1 0
81.3644 -40.2997 -40.2997 2 1 0
81.8626 -40.2574 -40.2574 2 1 0
82.3608 -40.2154 -40.2154 2 1 0
82.8591 -40.1739 -40.1739 2 1 0
83.3574 -40.1328 -40.1328 2 1 0
83.8558 -40.0921 -40.0921 2 1 0
84.3541 -40.0518 -40.0518 2 1 0
84.8525 -40.0119 -40.0119 2 1 0
85.351 -39.9724 -39.9724 2 1 0
85.8494 -39.9333 -39.9333 2 1 0
86.3479 -39.8945 -39.8945 2 1 0
86.8464 -39.8561 -39.8561 2 1 0
87.345 -39.818 -39.818 2 1 0
87.8436 -39.7803 -39.7803 2 1 0
88.3422 -39.7429 -39.7429 2 1 0
88.8408 -39.7058 -39.7058 2 1 0
89.3394 -39.6691 -39.6691 2 1 0
89.8381 -39.6326 -39.6326 2 1 0
90.3368 -39.5965 -39.5965 2 1 0
90.8355 -39.5607 -39.5607 2 1 0
91.3343 -39.5252 -39.5252 2 1 0
91.833 -39.4899 -39.4899 2 1 0
92.3318 -39.455 -39.455 2 1 0
92.8306 -39.4203 -39.4203 2 1 0
93.3294 -39.3859 -39.3859 2 1 0
93.8282 -39.3518 -39.3518 2 1 0
94.3271 -39.3179 -39.3179 2 1 0
94.8259 -39.2843 -39.2843 2 1 0
95.3248 -39.251 -39.251 2 1 0
95.8237 -39.2179 -39.2179 2 1 0
96.3227 -39.185 -39.185 2 1 0
96.8216 -39.1524 -39.1524 2 1 0
97.3205 -39.1201 -39.1201 2 1 0
97.8195 -39.0879 -39.0879 2 1 0
98.3185 -39.056 -39.056 2 1 0
98.8175 -39.0243 -39.0243 2 1 0
99.3165 -38.9929 -38.9929 2 1 0
99.8155 -38.9616 -38.9616 2 1 0
100.315 -38.9306 -38.9306 2 1 0
100.814 -38.8998 -38.8998 2 1 0
101.313 -38.8692 -38.8692 2 1 0
101.812 -38.8388 -38.8388 2 1 0
102.311 -38.8086 -38.8086 2 1 0
102.81 -38.7786 -38.7786 2 1 0
103.309 -38.7487 -38.7487 2 1 0
103.808 -38.7191 -38.7191 2 1 0
104.307 -38.6897 -38.6897 2 1 0
104.806 -38.6604 -38.6604 2 1 0
105.306 -38.6314 -38.6314 2 1 0
105.805 -38.6025 -38.6025 2 1 0
106.304 -38.5738 -38.5738 2 1 0
106.803 -38.5453 -38.5453 2 1 0
107.302 -38.5169 -38.5169 2 1 0
107.801 -38.4887 -38.4887 2 1 0
108.301 -38.4607 -38.4607 2 1 0
108.8 -38.4328 -38.4328 2 1 0
109.299 -38.4051 -38.4051 2 1 0
109.798 -38.3776 -38.3776 2 1 0
110.298 -38.3502 -38.3502 2 1 0
110.797 -38.323 -38.323 2 1 0
111.296 -38.2959 -38.2959 2 1 0
111.795 -38.269 -38.269 2 1 0
112.295 -38.2422 -38.2422 2 1 0
112.794 -38.2156 -38.2156 2 1 0
113.293 -38.1891 -38.1891 2 1 0
113.793 -38.1628 -38.1628 2 1 0
114.292 -38.1366 -38.1366 2 1 0
114.791 -38.1105 -38.1105 2 1 0
115.291 -38.0846 -38.0846 2 1 0
115.79 -38.0588 -38.0588 2 1 0
116.289 -38.0332 -38.0332 2 1 0
116.789 -38.0076 -38.0076 2 1 0
117.288 -37.9823 -37.9823 2 1 0
117.787 -37.957 -37.957 2 1 0
118.287 -37.9319 -37.9319 2 1 0
118.786 -37.9069 -37.9069 2 1 0
119.285 -37.882 -37.882 2 1 0
119.785 -37.8572 -37.8572 2 1 0
120.284 -37.8326 -37.8326 2 1 0
120.784 -37.8081 -37.8081 2 1 0
121.283 -37.7837 -37.7837 2 1 0
121.782 -37.7594 -37.7594 2 1 0
122.282 -37.7352 -37.7352 2 1 0
122.781 -37.7112 -37.7112 2 1 0
123.281 -37.6872 -37.6872 2 1 0
123.78 -37.6634 -37.6634 2 1 0
124.28 -37.6397 -37.6397 2 1 0
124.779 -37.6161 -37.6161 2 1 0
125.278 -37.5926 -37.5926 2 1 0
125.778 -37.5692 -37.5692 2 1 0
126.277 -37.5459 -37.5459 2 1 0
126.777 -37.5227 -37.5227 2 1 0
127.276 -37.4996 -37.4996 2 1 0
127.776 -37.4766 -37.4766 2 1 0
128.275 -37.4537 -37.4537 2 1 0
128.775 -37.431 -37.431 2 1 0
129.274 -37.4083 -37.4083 2 1 0
129.774 -37.3857 -37.3857 2 1 0
130.273 -37.3632 -37.3632 2 1 0
130.773 -37.3408 -37.3408 2 1 0
131.272 -37.3185 -37.3185 2 1 0
131.772 -37.2963 -37.2963 2 1 0
132.271 -37.2742 -37.2742 2 1 0
132.771 -37.2521 -37.2521 2 1 0
133.27 -37.2302 -37.2302 2 1 0
133.77 -37.2083 -37.2083 2 1 0
134.269 -37.1866 -37.1866 2 1 0
134.769 -37.1649 -37.1649 2 1 0
135.268 -37.1433 -37.1433 2 1 0
135.768 -37.1218 -37.1218 2 1 0
136.267 -37.1004 -37.1004 2 1 0
136.767 -37.0791 -37.0791 2 1 0
137.267 -37.0578 -37.0578 2 1 0
137.766 -37.0366 -37.0366 2 1 0
138.266 -37.0156 -37.0156 2 1 0
138.765 -36.9946 -36.9946 2 1 0
139.265 -36.9736 -36.9736 2 1 0
139.764 -36.9528 -36.9528 2 1 0
140.264 -36.932 -36.932 2 1 0
140.763 -36.9113 -36.9113 2 1 0
141.263 -36.8907 -36.8907 2 1 0
141.763 -36.8702 -36.8702 2 1 0
142.262 -36.8497 -36.8497 2 1 0
142.762 -36.8293 -36.8293 2 1 0
143.261 -36.809 -36.809 2 1 0
143.761 -36.7887 -36.7887 2 1 0
144.261 -36.7686 -36.7686 2 1 0
144.76 -36.7485 -36.7485 2 1 0
145.26 -36.7284 -36.7284 2 1 0
145.759 -36.7085 -36.7085 2 1 0
146.259 -36.6886 -36.6886 2 1 0
146.759 -36.6688 -36.6688 2 1 0
147.258 -36.649 -36.649 2 1 0
147.758 -36.6293 -36.6293 2 1 0
148.257 -36.6097 -36.6097 2 1 0
148.757 -36.5902 -36.5902 2 1 0
149.257 -36.5707 -36.5707 2 1 0
149.756 -36.5513 -36.5513 2 1 0
150.256 -36.5319 -36.5319 2 1 0
150.755 -36.5126 -36.5126 2 1 0
151.255 -36.4934 -36.4934 2 1 0
151.755 -36.4742 -36.4742 2 1 0
152.254 -36.4551 -36.4551 2 1 0
152.754 -36.4361 -36.4361 2 1 0
153.254 -36.4171 -36.4171 2 1 0
153.753 -36.3982 -36.3982 2 1 0
154.253 -36.3793 -36.3793 2 1 0
154.753 -36.3605 -36.3605 2 1 0
155.252 -36.3418 -36.3418 2 1 0
155.752 -36.3231 -36.3231 2 1 0
156.252 -36.3045 -36.3045 2 1 0
156.751 -36.286 -36.286 2 1 0
157.251 -36.2675 -36.2675 2 1 0
157.751 -36.249 -36.249 2 1 0
158.25 -36.2306 -36.2306 2 1 0
158.75 -36.2123 -36.2123 2 1 0
159.25 -36.194 -36.194 2 1 0
159.749 -36.1758 -36.1758 2 1 0
160.249 -36.1576 -36.1576 2 1 0
160.749 -36.1395 -36.1395 2 1 0
161.248 -36.1215 -36.1215 2 1 0
161.748 -36.1034 -36.1034 2 1 0
162.248 -36.0855 -36.0855 2 1 0
162.747 -36.0676 -36.0676 2 1 0
163.247 -36.0497 -36.0497 2 1 0
163.747 -36.032 -36.032 2 1 0
164.246 -36.0142 -36.0142 2 1 0
164.746 -35.9965 -35.9965 2 1 0
165.246 -35.9789 -35.9789 2 1 0
165.745 -35.9613 -35.9613 2 1 0
166.245 -35.9437 -35.9437 2 1 0
166.745 -35.9262 -35.9262 2 1 0
167.244 -35.9088 -35.9088 2 1 0
167.744 -35.8914 -35.8914 2 1 0
168.244 -35.8741 -35.8741 2 1 0
168.744 -35.8568 -35.8568 2 1 0
169.243 -35.8395 -35.8395 2 1 0
169.743 -35.8223 -35.8223 2 1 0
170.243 -35.8051 -35.8051 2 1 0
170.742 -35.788 -35.788 2 1 0
171.242 -35.771 -35.771 2 1 0
171.742 -35.754 -35.754 2 1 0
172.241 -35.737 -35.737 2 1 0
172.741 -35.7201 -35.7201 2 1 0
173.241 -35.7032 -35.7032 2 1 0
173.741 -35.6863 -35.6863 2 1 0
174.24 -35.6695 -35.6695 2 1 0
174.74 -35.6528 -35.6528 2 1 0
175.24 -35.6361 -35.6361 2 1 0
175.739 -35.6194 -35.6194 2 1 0
176.239 -35.6028 -35.6028 2 1 0
176.739 -35.5862 -35.5862 2 1 0
177.239 -35.5697 -35.5697 2 1 0
177.738 -35.5532 -35.5532 2 1 0
178.238 -35.5367 -35.5367 2 1 0
178.738 -35.5203 -35.5203 2 1 0
179.238 -35.504 -35.504 2 1 0
179.737 -35.4876 -35.4876 2 1 0
180.237 -35.4713 -35.4713 2 1 0
180.737 -35.4551 -35.4551 2 1 0
181.237 -35.4389 -35.4389 2 1 0
181.736 -35.4227 -35.4227 2 1 0
182.236 -35.4066 -35.4066 2 1 0
182.736 -35.3905 -35.3905 2 1 0
183.235 -35.3745 -35.3745 2 1 0
183.735 -35.3585 -35.3585 2 1 0
184.235 -35.3425 -35.3425 2 1 0
184.735 -35.3265 -35.3265 2 1 0
185.234 -35.3106 -35.3106 2 1 0
185.734 -35.2948 -35.2948 2 1 0
186.234 -35.279 -35.279 2 1 0
186.734 -35.2632 -35.2632 2 1 0
187.233 -35.2474 -35.2474 2 1 0
187.733 -35.2317 -35.2317 2 1 0
188.233 -35.2161 -35.2161 2 1 0
188.733 -35.2004 -35.2004 2 1 0
189.232 -35.1848 -35.1848 2 1 0
189.732 -35.1693 -35.1693 2 1 0
190.232 -35.1537 -35.1537 2 1 0
190.732 -35.1382 -35.1382 2 1 0
191.232 -35.1228 -35.1228 2 1 0
191.731 -35.1074 -35.1074 2 1 0
192.231 -35.092 -35.092 2 1 0
192.731 -35.0766 -35.0766 2 1 0
193.231 -35.0613 -35.0613 2 1 0
193.73 -35.046 -35.046 2 1 0
194.23 -35.0307 -35.0307 2 1 0
194.73 -35.0155 -35.0155 2 1 0
195.23 -35.0003 -35.0003 2 1 0
195.729 -34.9852 -34.9852 2 1 0
196.229 -34.9701 -34.9701 2 1 0
196.729 -34.955 -34.955 2 1 0
197.229 -34.9399 -34.9399 2 1 0
197.729 -34.9249 -34.9249 2 1 0
198.228 -34.9099 -34.9099 2 1 0
198.728 -34.895 -34.895 2 1 0
199.228 -34.88 -34.88 2 1 0
199.728 -34.8651 -34.8651 2 1 0
200.227 -34.8503 -34.8503 2 1 0
200.727 -34.8354 -34.8354 2 1 0
201.227 -34.8206 -34.8206 2 1 0
201.727 -34.8059 -34.8059 2 1 0
202.227 -34.7911 -34.7911 2 1 0
202.726 -34.7764 -34.7764 2 1 0
203.226 -34.7618 -34.7618 2 1 0
203.726 -34.7471 -34.7471 2 1 0
204.226 -34.7325 -34.7325 2 1 0
204.725 -34.7179 -34.7179 2 1 0
205.225 -34.7033 -34.7033 2 1 0
205.725 -34.6888 -34.6888 2 1 0
206.225 -34.6743 -34.6743 2 1 0
206.725 -34.6598 -34.6598 2 1 0
207.224 -34.6454 -34.6454 2 1 0
207.724 -34.631 -34.631 2 1 0
208.224 -34.6166 -34.6166 2 1 0
208.724 -34.6022 -34.6022 2 1 0
209.224 -34.5879 -34.5879 2 1 0
209.723 -34.5736 -34.5736 2 1 0
210.223 -34.5593 -34.5593 2 1 0
210.723 -34.5451 -34.5451 2 1 0
211.223 -34.5309 -34.5309 2 1 0
211.723 -34.5167 -34.5167 2 1 0
212.222 -34.5025 -34.5025 2 1 0
212.722 -34.4884 -34.4884 2 1 0
213.222 -34.4743 -34.4743 2 1 0
213.722 -34.4602 -34.4602 2 1 0
214.222 -34.4462 -34.4462 2 1 0
214.721 -34.4321 -34.4321 2 1 0
215.221 -34.4181 -34.4181 2 1 0
215.721 -34.4042 -34.4042 2 1 0
216.221 -34.3902 -34.3902 2 1 0
216.721 -34.3763 -34.3763 2 1 0
217.22 -34.3624 -34.3624 2 1 0
217.72 -34.3485 -34.3485 2 1 0
218.22 -34.3347 -34.3347 2 1 0
218.72 -34.3209 -34.3209 2 1 0
219.22 -34.3071 -34.3071 2 1 0
219.719 -34.2933 -34.2933 2 1 0
220.219 -34.2795 -34.2795 2 1 0
220.719 -34.2658 -34.2658 2 1 0
221.219 -34.2521 -34.2521 2 1 0
221.719 -34.2385 -34.2385 2 1 0
222.219 -34.2248 -34.2248 2 1 0
222.718 -34.2112 -34.2112 2 1 0
223.218 -34.1976 -34.1976 2 1 0
223.718 -34.184 -34.184 2 1 0
224.218 -34.1705 -34.1705 2 1 0
224.718 -34.157 -34.157 2 1 0
225.217 -34.1435 -34.1435 2 1 0
225.717 -34.13 -34.13 2 1 0
226.217 -34.1165 -34.1165 2 1 0
226.717 -34.1031 -34.1031 2 1 0
227.217 -34.0897 -34.0897 2 1 0
227.716 -34.0763 -34.0763 2 1 0
228.216 -34.0629 -34.0629 2 1 0
228.716 -34.0496 -34.0496 2 1 0
229.216 -34.0363 -34.0363 2 1 0
229.716 -34.023 -34.023 2 1 0
230.216 -34.0097 -34.0097 2 1 0
230.715 -33.9965 -33.9965 2 1 0
231.215 -33.9832 -33.9832 2 1 0
231.715 -33.97 -33.97 2 1 0
232.215 -33.9569 -33.9569 2 1 0
232.715 -33.9437 -33.9437 2 1 0
233.215 -33.9306 -33.9306 2 1 0
233.714 -33.9175 -33.9175 2 1 0
234.214 -33.9044 -33.9044 2 1 0
234.714 -33.8913 -33.8913 2 1 0
235.214 -33.8782 -33.8782 2 1 0
235.714 -33.8652 -33.8652 2 1 0
236.214 -33.8522 -33.8522 2 1 0
236.713 -33.8392 -33.8392 2 1 0
237.213 -33.8263 -33.8263 2 1 0
237.713 -33.8133 -33.8133 2 1 0
238.213 -33.8004 -33.8004 2 1 0
238.713 -33.7875 -33.7875 2 1 0
239.213 -33.7746 -33.7746 2 1 0
239.712 -33.7617 -33.7617 2 1 0
240.212 -33.7489 -33.7489 2 1 0
240.712 -33.7361 -33.7361 2 1 0
241.212 -33.7233 -33.7233 2 1 0
241.712 -33.7105 -33.7105 2 1 0
242.212 -33.6977 -33.6977 2 1 0
242.711 -33.685 -33.685 2 1 0
243.211 -33.6723 -33.6723 2 1 0
243.711 -33.6596 -33.6596 2 1 0
244.211 -33.6469 -33.6469 2 1 0
244.711 -33.6342 -33.6342 2 1 0
245.211 -33.6216 -33.6216 2 1 0
245.71 -33.609 -33.609 2 1 0
246.21 -33.5964 -33.5964 2 1 0
246.71 -33.5838 -33.5838 2 1 0
247.21 -33.5712 -33.5712 2 1 0
247.71 -33.5587 -33.5587 2 1 0
248.21 -33.5461 -33.5461 2 1 0
248.709 -33.5336 -33.5336 2 1 0
248.959 -33.5274 -33.5274 2 1 0
249.459 -33.5149 -33.5149 1 1 0
249.959 -33.5024 -33.5024 1 1 0
250.459 -33.49 -33.49 1 1 0
250.959 -33.4776 -33.4776 1 1 0
251.458 -33.4652 -33.4652 1 1 0
251.958 -33.4528 -33.4528 1 1 0
252.458 -33.4404 -33.4404 1 1 0
252.958 -33.4281 -33.4281 1 1 0
253.458 -33.4157 -33.4157 1 1 0
253.958 -33.4034 -33.4034 1 1 0
254.458 -33.3911 -33.3911 1 1 0
254.957 -33.3788 -33.3788 1 1 0
255.457 -33.3666 -33.3666 1 1 0
255.957 -33.3543 -33.3543 1 1 0
256.457 -33.3421 -33.3421 1 1 0
256.957 -33.3299 -33.3299 1 1 0
257.457 -33.3177 -33.3177 1 1 0
257.957 -33.3055 -33.3055 1 1 0
258.456 -33.2934 -33.2934 1 1 0
258.956 -33.2812 -33.2812 1 1 0
259.456 -33.2691 -33.2691 1 1 0
259.956 -33.257 -33.257 1 1 0
260.456 -33.2449 -33.2449 1 1 0
260.956 -33.2328 -33.2328 1 1 0
261.455 -33.2208 -33.2208 1 1 0
261.955 -33.2087 -33.2087 1 1 0
262.455 -33.1967 -33.1967 1 1 0
262.955 -33.1847 -33.1847 1 1 0
263.455 -33.1727 -33.1727 1 1 0
263.955 -33.1608 -33.1608 1 1 0
264.455 -33.1488 -33.1488 1 1 0
264.954 -33.1369 -33.1369 1 1 0
265.454 -33.1249 -33.1249 1 1 0
265.954 -33.113 -33.113 1 1 0
266.454 -33.1011 -33.1011 1 1 0
266.954 -33.0893 -33.0893 1 1 0
267.454 -33.0774 -33.0774 1 1 0
267.954 -33.0656 -33.0656 1 1 0
268.453 -33.0537 -33.0537 1 1 0
268.953 -33.0419 -33.0419 1 1 0
269.453 -33.0301 -33.0301 1 1 0
269.953 -33.0184 -33.0184 1 1 0
270.453 -33.0066 -33.0066 1 1 0
270.953 -32.9948 -32.9948 1 1 0
271.453 -32.9831 -32.9831 1 1 0
271.953 -32.9714 -32.9714 1 1 0
272.452 -32.9597 -32.9597 1 1 0
272.952 -32.948 -32.948 1 1 0
273.452 -32.9363 -32.9363 1 1 0
273.952 -32.9247 -32.9247 1 1 0
274.452 -32.913 -32.913 1 1 0
274.952 -32.9014 -32.9014 1 1 0
275.452 -32.8898 -32.8898 1 1 0
275.951 -32.8782 -32.8782 1 1 0
276.451 -32.8666 -32.8666 1 1 0
276.951 -32.8551 -32.8551 1 1 0
277.451 -32.8435 -32.8435 1 1 0
277.951 -32.832 -32.832 1 1 0
278.451 -32.8204 -32.8204 1 1 0
278.951 -32.8089 -32.8089 1 1 0
279.451 -32.7974 -32.7974 1 1 0
279.95 -32.786 -32.786 1 1 0
280.45 -32.7745 -32.7745 1 1 0
280.95 -32.763 -32.763 1 1 0
281.45 -32.7516 -32.7516 1 1 0
281.95 -32.7402 -32.7402 1 1 0
282.45 -32.7288 -32.7288 1 1 0
282.95 -32.7174 -32.7174 1 1 0
283.449 -32.706 -32.706 1 1 0
283.949 -32.6946 -32.6946 1 1 0
284.449 -32.6833 -32.6833 1 1 0
284.949 -32.6719 -32.6719 1 1 0
285.449 -32.6606 -32.6606 1 1 0
285.949 -32.6493 -32.6493 1 1 0
286.449 -32.638 -32.638 1 1 0
286.949 -32.6267 -32.6267 1 1 0
287.448 -32.6154 -32.6154 1 1 0
287.948 -32.6042 -32.6042 1 1 0
288.448 -32.5929 -32.5929 1 1 0
288.948 -32.5817 -32.5817 1 1 0
289.448 -32.5705 -32.5705 1 1 0
289.948 -32.5593 -32.5593 1 1 0
290.448 -32.5481 -32.5481 1 1 0
290.948 -32.5369 -32.5369 1 1 0
291.447 -32.5258 -32.5258 1 1 0
291.947 -32.5146 -32.5146 1 1 0
292.447 -32.5035 -32.5035 1 1 0
292.947 -32.4924 -32.4924 1 1 0
293.447 -32.4812 -32.4812 1 1 0
293.947 -32.4701 -32.4701 1 1 0
294.447 -32.4591 -32.4591 1 1 0
294.947 -32.448 -32.448 1 1 0
295.446 -32.4369 -32.4369 1 1 0
295.946 -32.4259 -32.4259 1 1 0
296.446 -32.4148 -32.4148 1 1 0
296.946 -32.4038 -32.4038 1 1 0
297.446 -32.3928 -32.3928 1 1 0
297.946 -32.3818 -32.3818 1 1 0
298.446 -32.3708 -32.3708 1 1 0
298.946 -32.3599 -32.3599 1 1 0
299.445 -32.3489 -32.3489 1 1 0
299.945 -32.3379 -32.3379 1 1 0
300.445 -32.327 -32.327 1 1 0
248.959 -33.5274 -33.5274 4 5 0
248.959 -33.4991 -33.5556 3 5 0
248.959 -33.4987 -33.556 3 5 0
248.957 -33.3854 -33.6689 3 5 0
248.945 -33.1581 -33.8932 3 5 0
248.89 -32.7035 -34.3345 3 5 0
248.736 -32.0321 -34.967 3 5 0
248.502 -31.3661 -35.5736 3 5 0
248.212 -30.7436 -36.123 3 5 0
247.882 -30.1628 -36.6229 3 5 0
247.524 -29.6185 -37.08 3 5 0
247.144 -29.1063 -37.5009 3 5 0
246.748 -28.6216 -37.8915 3 5 0
246.339 -28.1595 -38.2563 3 5 0
245.919 -27.7186 -38.5988 3 5 0
245.491 -27.3015 -38.9151 3 5 0
245.055 -26.898 -39.223 3 5 0
244.614 -26.5058 -39.5161 3 5 0
244.168 -26.1229 -39.8011 3 5 0
243.718 -25.7579 -40.0686 3 5 0
243.264 -25.4045 -40.3255 3 5 0
242.806 -25.0604 -40.5726 3 5 0
242.346 -24.7269 -40.8112 3 5 0
241.883 -24.4026 -41.0419 3 5 0
241.418 -24.0913 -41.2637 3 5 0
240.951 -23.7848 -41.4803 3 5 0
240.482 -23.4845 -41.6907 3 5 0
240.011 -23.1824 -41.899 3 5 0
239.539 -22.8935 -42.0987 3 5 0
239.066 -22.611 -42.2934 3 5 0
238.591 -22.3414 -42.4833 3 5 0
238.114 -22.0701 -42.6689 3 5 0
237.637 -21.8044 -42.8504 3 5 0
237.159 -21.5453 -43.027 3 5 0
236.68 -21.29 -43.2009 3 5 0
236.2 -21.0397 -43.3714 3 5 0
235.719 -20.8004 -43.5393 3 5 0
235.237 -20.559 -43.7032 3 5 0
234.755 -20.322 -43.8642 3 5 0
234.271 -20.0948 -44.0123 3 5 0
233.788 -19.8693 -44.168 3 5 0
233.303 -19.6478 -44.3212 3 5 0
232.818 -19.4134 -44.4725 3 5 0
232.333 -19.1976 -44.6209 3 5 0
231.847 -18.9854 -44.7671 3 5 0
231.361 -18.7789 -44.9078 3 5 0
230.874 -18.5724 -45.0498 3 5 0
230.386 -18.3693 -45.1898 3 5 0
229.899 -18.1696 -45.3238 3 5 0
229.41 -17.9729 -45.4582 3 5 0
228.922 -17.7793 -45.5922 3 5 0
228.433 -17.5917 -45.7309 3 5 0
227.944 -17.4037 -45.8603 3 5 0
227.454 -17.2185 -45.9879 3 5 0
226.965 -17.0532 -46.122 3 5 0
226.474 -16.8727 -46.247 3 5 0
225.984 -16.6948 -46.3705 3 5 0
225.493 -16.5038 -46.4957 3 5 0
225.003 -16.3321 -46.6171 3 5 0
224.511 -16.1628 -46.737 3 5 0
224.02 -15.9963 -46.8554 3 5 0
223.529 -15.8317 -46.9725 3 5 0
223.037 -15.6694 -47.0882 3 5 0
222.545 -15.534 -47.2006 3 5 0
222.053 -15.3767 -47.3134 3 5 0
221.56 -15.2191 -47.4249 3 5 0
221.068 -15.0637 -47.5415 3 5 0
220.575 -14.9129 -47.6518 3 5 0
220.082 -14.7631 -47.7611 3 5 0
219.589 -14.5966 -47.8694 3 5 0
219.096 -14.4487 -47.9768 3 5 0
218.602 -14.3025 -48.0831 3 5 0
218.109 -14.1684 -48.1866 3 5 0
217.615 -14.0255 -48.2902 3 5 0
217.122 -13.8841 -48.3928 3 5 0
216.628 -13.7268 -48.4932 3 5 0
216.134 -13.5892 -48.5936 3 5 0
215.64 -13.4532 -48.6929 3 5 0
215.145 -13.3208 -48.7921 3 5 0
214.651 -13.1874 -48.8933 3 5 0
214.157 -13.0554 -48.9935 3 5 0
213.662 -12.9314 -49.088 3 5 0
213.167 -12.8018 -49.1831 3 5 0
212.673 -12.6735 -49.2772 3 5 0
212.178 -12.5425 -49.3726 3 5 0
211.683 -12.4168 -49.4698 3 5 0
211.188 -12.2922 -49.5662 3 5 0
210.693 -12.1699 -49.6512 3 5 0
210.198 -12.0482 -49.7437 3 5 0
209.703 -11.9276 -49.8388 3 5 0
209.207 -11.8296 -49.9303 3 5 0
208.712 -11.7101 -50.024 3 5 0
208.217 -11.5917 -50.1169 3 5 0
207.721 -11.4686 -50.2071 3 5 0
207.226 -11.3535 -50.2987 3 5 0
206.73 -11.2393 -50.3896 3 5 0
206.234 -11.1169 -50.4813 3 5 0
205.739 -11.0043 -50.5705 3 5 0
205.243 -10.8925 -50.659 3 5 0
204.747 -10.7893 -50.744 3 5 0
204.251 -10.6793 -50.8316 3 5 0
203.755 -10.5702 -50.9185 3 5 0
203.259 -10.4409 -51.0013 3 5 0
202.763 -10.3322 -51.0874 3 5 0
202.267 -10.2242 -51.1729 3 5 0
201.771 -10.1418 -51.2588 3 5 0
201.275 -10.035 -51.3423 3 5 0
200.779 -9.9289 -51.4251 3 5 0
200.283 -9.83502 -51.5071 3 5 0
199.786 -9.73016 -51.5886 3 5 0
199.29 -9.62593 -51.6693 3 5 0
198.794 -9.49132 -51.7499 3 5 0
198.297 -9.38844 -51.8294 3 5 0
197.801 -9.28612 -51.9082 3 5 0
197.304 -9.18298 -51.9819 3 5 0
196.808 -9.08178 -52.0588 3 5 0
196.311 -8.9811 -52.1352 3 5 0
195.815 -8.89474 -52.1842 3 5 0
195.318 -8.79578 -52.2575 3 5 0
194.822 -8.69729 -52.3301 3 5 0
194.325 -8.58081 -52.4193 3 5 0
193.829 -8.48268 -52.5021 3 5 0
193.332 -8.38498 -52.5843 3 5 0
192.835 -8.29103 -52.6566 3 5 0
192.339 -8.194 -52.7382 3 5 0
191.842 -8.09737 -52.8192 3 5 0
191.345 -7.99958 -52.8935 3 5 0
190.848 -7.90376 -52.9738 3 5 0
190.352 -7.8083 -53.0535 3 5 0
189.855 -7.71207 -53.129 3 5 0
189.358 -7.61739 -53.2078 3 5 0
188.861 -7.52305 -53.2861 3 5 0
188.364 -7.429 -53.3628 3 5 0
187.867 -7.33527 -53.44 3 5 0
187.37 -7.24184 -53.5167 3 5 0
186.874 -7.14893 -53.5929 3 5 0
186.377 -7.05611 -53.6684 3 5 0
185.88 -6.96355 -53.7434 3 5 0
185.383 -6.8718 -53.819 3 5 0
184.886 -6.7798 -53.8925 3 5 0
184.389 -6.68804 -53.9654 3 5 0
183.892 -6.59637 -54.0378 3 5 0
183.395 -6.50507 -54.1092 3 5 0
182.898 -6.41399 -54.18 3 5 0
182.401 -6.32198 -54.2525 3 5 0
181.904 -6.23125 -54.3231 3 5 0
181.407 -6.14072 -54.3932 3 5 0
180.91 -6.0542 -54.4643 3 5 0
180.413 -5.96418 -54.5337 3 5 0
179.915 -5.87433 -54.6026 3 5 0
179.418 -5.78163 -54.6727 3 5 0
178.921 -5.69202 -54.7408 3 5 0
178.424 -5.60257 -54.8084 3 5 0
177.927 -5.51197 -54.8724 3 5 0
177.43 -5.42276 -54.9385 3 5 0
176.933 -5.33368 -55.0041 3 5 0
176.436 -5.25262 -55.0731 3 5 0
175.939 -5.16398 -55.138 3 5 0
175.441 -5.07546 -55.2041 3 5 0
174.944 -4.98068 -55.274 3 5 0
174.447 -4.89224 -55.3462 3 5 0
173.95 -4.80391 -55.4178 3 5 0
173.453 -4.71261 -55.4876 3 5 0
172.955 -4.6243 -55.5583 3 5 0
172.458 -4.53607 -55.6285 3 5 0
171.961 -4.46736 -55.6953 3 5 0
171.464 -4.3797 -55.7649 3 5 0
170.967 -4.29211 -55.8339 3 5 0
170.47 -4.18483 -55.902 3 5 0
169.972 -4.09701 -55.9701 3 5 0
169.475 -4.00925 -56.0376 3 5 0
168.978 -4.01278 -56.1046 3 5 0
168.481 -3.92621 -56.1702 3 5 0
167.983 -3.83968 -56.2352 3 5 0
167.486 -3.73851 -56.2963 3 5 0
166.989 -3.65083 -56.3596 3 5 0
166.492 -3.56316 -56.4224 3 5 0
165.995 -3.41446 -56.4788 3 5 0
165.497 -3.32727 -56.54 3 5 0
165 -3.2401 -56.6007 3 5 0
164.503 -3.15207 -56.6825 3 5 0
164.006 -3.06488 -56.7504 3 5 0
163.508 -2.97771 -56.8179 3 5 0
163.011 -2.89258 -56.89 3 5 0
162.514 -2.80543 -56.9542 3 5 0
162.017 -2.71826 -57.018 3 5 0
161.519 -2.63237 -57.0481 3 5 0
161.022 -2.54462 -57.107 3 5 0
160.525 -2.45685 -57.1653 3 5 0
160.028 -2.41324 -57.265 3 5 0
159.531 -2.3255 -57.3257 3 5 0
159.033 -2.23772 -57.386 3 5 0
158.536 -2.18392 -57.4472 3 5 0
158.039 -2.09618 -57.5066 3 5 0
157.542 -2.00839 -57.5655 3 5 0
157.044 -1.85798 -57.6244 3 5 0
156.547 -1.76992 -57.6823 3 5 0
156.05 -1.6818 -57.7398 3 5 0
155.553 -1.55109 -57.7946 3 5 0
155.056 -1.46299 -57.8639 3 5 0
154.558 -1.37484 -57.9327 3 5 0
154.061 -1.2889 -58.0011 3 5 0
153.564 -1.20072 -58.0688 3 5 0
153.067 -1.11247 -58.136 3 5 0
152.57 -1.05577 -58.2018 3 5 0
152.072 -0.967844 -58.268 3 5 0
151.575 -0.879845 -58.3337 3 5 0
151.078 -0.801235 -58.3993 3 5 0
150.581 -0.712387 -58.4638 3 5 0
150.084 -0.623457 -58.5278 3 5 0
149.586 -0.501492 -58.5912 3 5 0
149.089 -0.412812 -58.6542 3 5 0
148.592 -0.324049 -58.7166 3 5 0
148.095 -0.2232 -58.7781 3 5 0
147.598 -0.134004 -58.8388 3 5 0
147.101 -0.0447147 -58.8989 3 5 0
146.603 -0.00269243 -58.9605 3 5 0
146.106 0.0869712 -59.0201 3 5 0
145.609 0.176738 -59.0792 3 5 0
145.112 0.314213 -59.1399 3 5 0
144.615 0.404092 -59.1983 3 5 0
144.118 0.494079 -59.2563 3 5 0
143.621 0.552102 -59.3155 3 5 0
143.123 0.642439 -59.3726 3 5 0
142.626 0.732891 -59.4293 3 5 0
142.129 0.826857 -59.4902 3 5 0
141.632 0.916874 -59.5463 3 5 0
141.135 1.00701 -59.602 3 5 0
140.638 1.11986 -59.6628 3 5 0
140.141 1.21057 -59.7179 3 5 0
139.644 1.30139 -59.7725 3 5 0
139.147 1.32553 -59.8135 3 5 0
138.65 1.41688 -59.8785 3 5 0
138.153 1.50835 -59.9457 3 5 0
137.656 1.64287 -60.0123 3 5 0
137.159 1.73405 -60.0783 3 5 0
136.662 1.82536 -60.1438 3 5 0
136.164 1.94942 -60.2087 3 5 0
135.667 2.04159 -60.273 3 5 0
135.17 2.1339 -60.3368 3 5 0
134.673 2.16155 -60.4 3 5 0
134.176 2.25322 -60.4627 3 5 0
133.68 2.34502 -60.5247 3 5 0
133.183 2.41317 -60.5863 3 5 0
132.686 2.50618 -60.6472 3 5 0
132.189 2.59934 -60.7077 3 5 0
131.692 2.72432 -60.7675 3 5 0
131.195 2.818 -60.8269 3 5 0
130.698 2.91184 -60.8856 3 5 0
130.201 3.04079 -60.9439 3 5 0
129.704 3.13428 -61.0016 3 5 0
129.207 3.22792 -61.0588 3 5 0
128.71 3.28673 -61.1155 3 5 0
128.213 3.38032 -61.1717 3 5 0
127.716 3.47406 -61.2273 3 5 0
127.22 3.63113 -61.2824 3 5 0
126.723 3.72603 -61.3371 3 5 0
126.226 3.82109 -61.3912 3 5 0
125.729 3.88862 -61.4449 3 5 0
125.232 3.98356 -61.4981 3 5 0
124.735 4.07866 -61.5623 3 5 0
124.239 4.13367 -61.6261 3 5 0
123.742 4.22974 -61.6894 3 5 0
123.245 4.32598 -61.7522 3 5 0
122.748 4.42278 -61.8124 3 5 0
122.252 4.51938 -61.8742 3 5 0
121.755 4.61616 -61.9355 3 5 0
121.258 4.78184 -61.9961 3 5 0
120.761 4.87887 -62.0562 3 5 0
120.265 4.97609 -62.1157 3 5 0
119.768 5.07108 -62.1741 3 5 0
119.271 5.16878 -62.2329 3 5 0
118.775 5.26668 -62.2911 3 5 0
118.278 5.30752 -62.3491 3 5 0
117.781 5.40581 -62.4064 3 5 0
117.285 5.5043 -62.4632 3 5 0
116.788 5.65861 -62.5218 3 5 0
116.292 5.75722 -62.5781 3 5 0
115.795 5.85602 -62.6339 3 5 0
115.298 5.93886 -62.6895 3 5 0
114.802 6.03837 -62.7442 3 5 0
114.305 6.13808 -62.7984 3 5 0
113.809 6.23278 -62.8709 3 5 0
113.312 6.33261 -62.927 3 5 0
112.816 6.43264 -62.9825 3 5 0
112.319 6.49994 -63.0022 3 5 0
111.823 6.59949 -63.0532 3 5 0
111.326 6.69923 -63.1157 3 5 0
110.83 6.82513 -63.1638 3 5 0
110.333 6.92655 -63.225 3 5 0
109.837 7.02818 -63.2895 3 5 0
109.341 7.13529 -63.3547 3 5 0
108.844 7.23644 -63.4178 3 5 0
108.348 7.33778 -63.4802 3 5 0
107.852 7.28795 -63.5451 3 5 0
107.355 7.38807 -63.6057 3 5 0
106.859 7.48836 -63.6656 3 5 0
106.363 7.51568 -63.7247 3 5 0
105.866 7.61571 -63.7833 3 5 0
105.37 7.71592 -63.8414 3 5 0
104.874 7.99425 -63.8984 3 5 0
104.378 8.09658 -63.9558 3 5 0
103.882 8.19911 -64.0125 3 5 0
103.385 8.39266 -64.0683 3 5 0
102.889 8.4968 -64.1237 3 5 0
102.393 8.60116 -64.1785 3 5 0
101.897 8.70649 -64.2389 3 5 0
101.401 8.81186 -64.2941 3 5 0
100.905 8.91746 -64.3487 3 5 0
100.409 8.97418 -64.4091 3 5 0
99.9127 9.07884 -64.4641 3 5 0
99.4167 9.18371 -64.5185 3 5 0
98.9207 9.07767 -64.5737 3 5 0
98.4248 9.18072 -64.6272 3 5 0
97.9288 9.28396 -64.6801 3 5 0
97.4329 9.5189 -64.7089 3 5 0
96.937 9.62678 -64.7586 3 5 0
96.4411 9.73491 -64.8078 3 5 0
95.9452 9.97953 -64.8644 3 5 0
95.4494 10.0871 -64.9158 3 5 0
94.9536 10.1948 -64.9819 3 5 0
94.4578 10.3034 -65.0397 3 5 0
93.962 10.4124 -65.1049 3 5 0
93.4663 10.5217 -65.1694 3 5 0
92.9706 10.6334 -65.2296 3 5 0
92.4749 10.7425 -65.2928 3 5 0
91.9792 10.8517 -65.3552 3 5 0
91.4836 10.9694 -65.4124 3 5 0
90.988 11.0795 -65.4739 3 5 0
90.4924 11.1898 -65.5347 3 5 0
89.9968 11.3017 -65.5934 3 5 0
89.5013 11.4125 -65.6529 3 5 0
89.0058 11.5237 -65.7116 3 5 0
88.5103 11.6339 -65.7691 3 5 0
88.0149 11.7454 -65.8266 3 5 0
87.5194 11.8573 -65.8833 3 5 0
87.0241 11.971 -65.9397 3 5 0
86.5287 12.0834 -65.9953 3 5 0
86.0334 12.1961 -66.0503 3 5 0
85.5381 12.3049 -66.106 3 5 0
85.0428 12.4179 -66.16 3 5 0
84.5476 12.5312 -66.2134 3 5 0
84.0524 12.6408 -66.2692 3 5 0
83.5572 12.7545 -66.3218 3 5 0
83.0621 12.8684 -66.3738 3 5 0
82.567 12.9904 -66.4294 3 5 0
82.0719 13.1051 -66.4807 3 5 0
81.5768 13.22 -66.5313 3 5 0
81.0818 13.3405 -66.5857 3 5 0
80.5869 13.4564 -66.6355 3 5 0
80.0919 13.5725 -66.6848 3 5 0
79.597 13.6552 -66.7408 3 5 0
79.1022 13.7709 -66.7894 3 5 0
78.6074 13.8869 -66.8376 3 5 0
78.1126 14.0056 -66.8963 3 5 0
77.6179 14.1222 -66.944 3 5 0
77.1232 14.239 -66.9912 3 5 0
76.6285 14.391 -67.048 3 5 0
76.1339 14.5092 -67.0947 3 5 0
75.6393 14.6276 -67.1464 3 5 0
75.1448 14.7314 -67.1979 3 5 0
74.6503 14.8501 -67.2651 3 5 0
74.1558 14.969 -67.3329 3 5 0
73.6614 15.0704 -67.3818 3 5 0
73.1671 15.1896 -67.4492 3 5 0
72.6728 15.309 -67.5156 3 5 0
72.1785 15.4645 -67.5591 3 5 0
71.6843 15.5853 -67.6257 3 5 0
71.1901 15.7063 -67.6913 3 5 0
70.696 15.8114 -67.7403 3 5 0
70.2019 15.9327 -67.8056 3 5 0
69.7079 16.0543 -67.8698 3 5 0
69.2139 16.1959 -67.9191 3 5 0
68.72 16.3185 -67.9832 3 5 0
68.2262 16.4414 -68.0462 3 5 0
67.7324 16.5575 -68.0968 3 5 0
67.2386 16.6809 -68.1596 3 5 0
66.745 16.8045 -68.2213 3 5 0
66.2513 16.9364 -68.2718 3 5 0
65.7578 17.0609 -68.3335 3 5 0
65.2643 17.1857 -68.3942 3 5 0
64.7708 17.3091 -68.4455 3 5 0
64.2774 17.4345 -68.5062 3 5 0
63.7841 17.5602 -68.5659 3 5 0
63.2909 17.6908 -68.618 3 5 0
62.7977 17.8173 -68.6777 3 5 0
62.3046 17.9441 -68.7364 3 5 0
61.8116 18.0722 -68.7895 3 5 0
61.3186 18.1997 -68.8482 3 5 0
60.8257 18.3276 -68.9059 3 5 0
60.3329 18.4582 -68.9599 3 5 0
59.8401 18.5868 -69.0177 3 5 0
59.3475 18.7158 -69.0745 3 5 0
58.8549 18.8462 -69.1294 3 5 0
58.3624 18.9759 -69.1863 3 5 0
57.87 19.1059 -69.2422 3 5 0
57.3776 19.2377 -69.2981 3 5 0
56.8854 19.3685 -69.3541 3 5 0
56.3933 19.4996 -69.4091 3 5 0
55.9012 19.6318 -69.4661 3 5 0
55.4092 19.7636 -69.5212 3 5 0
54.9174 19.8958 -69.5754 3 5 0
54.4256 20.029 -69.6334 3 5 0
53.9339 20.162 -69.6877 3 5 0
53.4424 20.2953 -69.7411 3 5 0
52.9509 20.4292 -69.8001 3 5 0
52.4596 20.5632 -69.8537 3 5 0
51.9683 20.6976 -69.9063 3 5 0
51.4772 20.8324 -69.9663 3 5 0
50.9862 20.9676 -70.0192 3 5 0
50.4953 21.1031 -70.0711 3 5 0
50.0045 21.2387 -70.1322 3 5 0
49.5139 21.375 -70.1843 3 5 0
49.0234 21.5117 -70.2355 3 5 0
48.533 21.648 -70.2977 3 5 0
48.0428 21.7855 -70.3491 3 5 0
47.5527 21.9233 -70.3996 3 5 0
47.0628 22.0608 -70.4628 3 5 0
46.573 22.1993 -70.5136 3 5 0
46.0834 22.3383 -70.5634 3 5 0
45.5939 22.4757 -70.6278 3 5 0
45.1046 22.6154 -70.6779 3 5 0
44.6154 22.7554 -70.7271 3 5 0
44.1264 22.8973 -70.7921 3 5 0
43.6377 23.0381 -70.8416 3 5 0
43.1491 23.1793 -70.8901 3 5 0
42.6606 23.2979 -70.9587 3 5 0
42.1724 23.4394 -71.0078 3 5 0
41.6844 23.5813 -71.0559 3 5 0
41.1966 23.6935 -71.1252 3 5 0
40.709 23.8357 -71.1739 3 5 0
40.2217 23.9783 -71.2217 3 5 0
39.7344 23.9216 -71.2932 3 5 0
39.2475 24.061 -71.3417 3 5 0
38.7609 24.201 -71.3893 3 5 0
38.2744 24.5894 -71.4655 3 5 0
37.7884 24.7352 -71.5145 3 5 0
37.3026 24.8813 -71.5625 3 5 0
36.817 24.9567 -71.6198 3 5 0
36.3317 25.1022 -71.6668 3 5 0
35.8468 25.2483 -71.7344 3 5 0
35.3617 25.2646 -71.7889 3 5 0
34.8774 25.4124 -71.8357 3 5 0
34.3934 25.5601 -71.8993 3 5 0
33.9099 25.8571 -71.9599 3 5 0
33.4266 26.0064 -72.0068 3 5 0
32.9438 26.1559 -72.0662 3 5 0
32.461 26.2315 -72.1142 3 5 0
31.9791 26.3823 -72.1833 3 5 0
31.4975 26.533 -72.2507 3 5 0
31.0161 26.6002 -72.2957 3 5 0
30.5355 26.7439 -72.3635 3 5 0
30.0554 26.8885 -72.4283 3 5 0
29.5751 27.2765 -72.4513 3 5 0
29.0961 27.4294 -72.5211 3 5 0
28.6177 27.5823 -72.5891 3 5 0
28.1397 27.6873 -72.6394 3 5 0
27.6622 27.8391 -72.7037 3 5 0
27.1856 27.9908 -72.765 3 5 0
26.7092 28.121 -72.7999 3 5 0
26.2339 28.2744 -72.8457 3 5 0
25.7594 28.4278 -72.9124 3 5 0
25.2854 28.648 -72.9663 3 5 0
24.8125 28.8024 -73.0126 3 5 0
24.3405 28.9567 -73.0811 3 5 0
23.8693 29.1265 -73.1387 3 5 0
23.3993 29.2808 -73.2022 3 5 0
22.9303 29.435 -73.2621 3 5 0
22.4618 29.4464 -73.2954 3 5 0
21.995 29.6002 -73.3526 3 5 0
21.5295 29.7535 -73.4184 3 5 0
21.0647 30.0206 -73.4637 3 5 0
20.6018 30.1749 -73.5151 3 5 0
20.1404 30.3287 -73.5814 3 5 0
19.6803 30.4515 -73.6312 3 5 0
19.2221 30.6013 -73.6946 3 5 0
18.7657 30.7503 -73.7535 3 5 0
18.3108 30.8647 -73.8014 3 5 0
17.8582 31.0118 -73.8606 3 5 0
17.408 31.158 -73.9152 3 5 0
16.9589 31.3392 -73.9674 3 5 0
16.5132 31.4905 -74.0124 3 5 0
16.0703 31.6402 -74.0541 3 5 0
15.6294 31.353 -74.1214 3 5 0
15.1924 31.4932 -74.1627 3 5 0
14.7589 31.6301 -74.2192 3 5 0
14.3277 32.155 -74.2821 3 5 0
13.9014 32.2963 -74.3236 3 5 0
13.4794 32.4346 -74.3684 3 5 0
13.0614 32.441 -74.4232 3 5 0
12.6489 32.5763 -74.4719 3 5 0
12.2417 32.7076 -74.5309 3 5 0
11.8398 32.9436 -74.5699 3 5 0
11.4447 33.0408 -74.6203 3 5 0
11.0565 33.1305 -74.6755 3 5 0
10.6749 33.1805 -74.7229 3 5 0
10.3022 33.285 -74.7557 3 5 0
9.93877 33.383 -74.8059 3 5 0
9.58357 33.5392 -74.8604 3 5 0
9.24072 33.6178 -74.891 3 5 0
8.9099 33.6836 -74.9282 3 5 0
8.58944 33.7381 -74.9884 3 5 0
8.28576 33.747 -75.0157 3 5 0
7.99807 33.7362 -75.0359 3 5 0
7.7252 33.7751 -75.0958 3 5 0
7.47398 33.7569 -75.1198 3 5 0
7.24315 33.7101 -75.1313 3 5 0
7.03353 33.4124 -75.1808 3 5 0
6.84859 33.2206 -75.2007 3 5 0
6.68827 32.9854 -75.2051 3 5 0
6.55675 33.1146 -75.235 4 5 0
6.44629 32.8416 -75.2556 4 5 0
6.35944 32.5127 -75.2566 4 5 0
6.30736 32.1513 -75.2587 4 5 0
6.25636 31.9135 -75.2896 4 5 0
6.22087 31.6351 -75.294 4 5 0
6.19896 31.2354 -75.2854 4 5 0
6.18474 30.863 -75.2846 4 5 0
6.17634 30.4472 -75.2695 4 5 0
6.17109 29.6076 -75.2979 4 5 0
6.16552 28.9604 -75.2926 4 5 0
6.16256 28.525 -75.2734 4 5 0
6.16316 28.0296 -75.3267 4 5 0
6.16145 27.2898 -75.3195 4 5 0
6.16047 26.9783 -75.3119 4 5 0
6.1595 25.6656 -75.2607 4 5 0
6.16192 25.0584 -75.2719 4 5 0
6.16495 24.4084 -75.2675 4 5 0
6.1578 23.892 -75.2658 4 5 0
6.16449 23.0525 -75.2721 4 5 0
6.17041 22.1352 -75.2643 4 5 0
6.17045 20.7178 -75.2723 4 5 0
6.17597 19.9083 -75.2614 4 5 0
6.17948 19.0342 -75.242 4 5 0
6.18028 18.3614 -75.2167 4 5 0
6.1635 13.8007 -75.2754 4 5 0
6.15564 12.2868 -75.293 4 5 0
6.16427 12.4772 -75.3658 4 5 0
6.16816 10.8941 -75.2954 4 5 0
6.17432 9.73072 -75.2306 4 5 0
6.18382 8.31826 -75.2642 4 5 0
6.19249 6.53207 -75.2447 4 5 0
6.20143 4.55472 -75.2526 4 5 0
6.22851 3.57927 -75.248 4 5 0
6.23081 1.88461 -75.2528 4 5 0
6.23096 1.99104 -75.2529 4 5 0
6.15973 -7.96846 -75.2175 4 5 0
6.16904 -6.56966 -75.2225 4 5 0
6.18314 -4.70135 -75.2371 4 5 0
6.17758 -2.57255 -75.2511 4 5 0
6.19402 -0.4882 -75.2361 4 5 0
6.21248 1.34414 -75.1948 4 5 0
6.21028 1.51793 -75.2463 4 5 0
6.18972 -1.63591 -75.2553 4 5 0
6.17588 -3.70078 -75.2455 4 5 0
6.15568 -5.99419 -75.2465 4 5 0
6.14822 -8.3117 -75.2295 4 5 0
6.1433 -10.7653 -75.2069 4 5 0
6.089 -13.664 -75.0644 4 5 0
6.05778 -16.7589 -75.0668 4 5 0
6.03185 -19.9828 -75.0365 4 5 0
6.1108 -23.4968 -74.8781 4 5 0
6.11112 -25.2922 -75.1341 4 5 0
6.11387 -29.9492 -74.9577 4 5 0
6.16796 -30.6692 -74.8911 4 5 0
6.16766 -33.7311 -74.7155 4 5 0
6.16736 -36.2049 -74.5362 4 5 0
6.16576 -36.3194 -74.5301 4 5 0
6.16591 -42.9949 -73.3371 4 5 0
6.16592 -43.4579 -73.2361 4 5 0
6.16625 -44.1132 -73.0674 4 5 0
6.16636 -44.9458 -72.7587 4 5 0
6.16703 -46.4494 -72.1719 4 5 0
6.1679 -47.2185 -71.7954 4 5 0
6.16963 -47.9773 -71.4038 4 5 0
6.17266 -48.731 -70.9777 4 5 0
6.17783 -49.4826 -70.4975 4 5 0
6.20446 -51.1224 -69.3394 4 5 0
6.22914 -51.8711 -68.7444 4 5 0
6.26715 -52.6209 -68.1256 4 5 0
6.3241 -53.3671 -67.4584 4 5 0
6.40707 -54.1057 -66.7834 4 5 0
6.52373 -54.8382 -66.0813 4 5 0
6.67949 -55.5416 -65.3669 4 5 0
6.8727 -56.218 -64.6522 4 5 0
7.09292 -56.8601 -63.9483 4 5 0
7.32431 -57.4776 -63.2545 4 5 0
7.5491 -58.0902 -62.5606 4 5 0
7.7472 -58.7192 -61.8594 4 5 0
7.89439 -59.3795 -61.1426 4 5 0
7.96376 -60.0807 -60.4133 4 5 0
7.96631 -60.2228 -60.2702 4 5 0
7.91644 -59.5239 -60.9885 4 5 0
7.7822 -58.8505 -61.7148 4 5 0
7.59116 -58.213 -62.4232 4 5 0
7.36945 -57.5989 -63.1182 4 5 0
7.13804 -56.982 -63.8101 4 5 0
6.91481 -56.3472 -64.512 4 5 0
6.71558 -55.6825 -65.2156 4 5 0
6.55188 -54.9794 -65.9334 4 5 0
6.4274 -54.2527 -66.6478 4 5 0
6.33812 -53.5144 -67.3296 4 5 0
6.27655 -52.7677 -67.9953 4 5 0
6.23532 -52.0156 -68.6313 4 5 0
6.20842 -51.2667 -69.2177 4 5 0
6.19134 -50.5251 -69.7942 4 5 0
6.19958 -50.9243 -69.4807 4 5 0
6.18584 -50.1747 -70.0358 4 5 0
6.20085 -50.9774 -69.44 4 5 0
6.18675 -50.2328 -69.9818 4 5 0
6.17804 -49.4787 -70.5096 4 5 0
6.17282 -48.7246 -70.9775 4 5 0
6.16975 -47.9692 -71.416 4 5 0
6.16793 -47.2111 -71.8135 4 5 0
6.17197 -48.5522 -71.0804 4 5 0
6.16917 -47.7941 -71.5093 4 5 0
6.16764 -47.0362 -71.9029 4 5 0
6.16679 -46.2598 -72.2489 4 5 0
6.16624 -45.471 -72.5801 4 5 0
6.16606 -44.6622 -72.8896 4 5 0
6.16599 -43.812 -73.1569 4 5 0
6.1656 -43.9149 -73.1194 4 5 0
6.16572 -43.0207 -73.387 4 5 0
6.166 -42.0589 -73.6417 4 5 0
6.16647 -40.9972 -73.8707 4 5 0
6.16654 -39.9399 -74.0486 4 5 0
6.16616 -42.4592 -73.5359 4 5 0
6.16541 -42.4583 -73.5399 4 5 0
6.16519 -43.0787 -73.3816 4 5 0
6.16555 -42.1167 -73.6173 4 5 0
6.16576 -41.1734 -73.8355 4 5 0
6.16571 -39.9443 -74.0551 4 5 0
6.1657 -38.5221 -74.2737 4 5 0
6.16497 -38.502 -74.2814 4 5 0
6.16529 -32.8997 -74.787 4 5 0
6.16516 -31.2717 -74.8681 4 5 0
6.16302 -30.6518 -74.8961 4 5 0
6.16373 -32.4727 -74.8014 4 5 0
6.16426 -34.9291 -74.6507 4 5 0
6.1586 -37.1192 -74.4461 4 5 0
6.15982 -38.8259 -74.2391 4 5 0
6.16119 -40.1926 -74.0067 4 5 0
6.16718 -40.2128 -74.0187 4 5 0
6.16661 -41.4108 -73.8005 4 5 0
6.1661 -42.433 -73.556 4 5 0
6.16592 -43.0871 -73.3754 4 5 0
6.16596 -43.9758 -73.1019 4 5 0
6.16602 -44.8149 -72.8367 4 5 0
6.16582 -44.8053 -72.8389 4 5 0
6.16635 -45.627 -72.5159 4 5 0
6.16705 -46.4088 -72.194 4 5 0
6.16793 -47.1792 -71.8325 4 5 0
6.16973 -47.9396 -71.4231 4 5 0
6.17275 -48.6955 -70.987 4 5 0
6.17759 -49.4495 -70.5264 4 5 0
6.18618 -50.1999 -70.0065 4 5 0
6.20019 -50.9513 -69.474 4 5 0
6.22244 -51.6967 -68.8921 4 5 0
6.25685 -52.4469 -68.2721 4 5 0
6.30881 -53.1936 -67.6188 4 5 0
6.38507 -53.9347 -66.9438 4 5 0
6.49332 -54.6696 -66.2362 4 5 0
6.63984 -55.38 -65.5324 4 5 0
6.82501 -56.0639 -64.8178 4 5 0
7.04025 -56.7156 -64.1079 4 5 0
7.27058 -57.3362 -63.4098 4 5 0
7.49858 -57.9486 -62.721 4 5 0
7.70484 -58.5712 -62.024 4 5 0
7.86623 -59.2224 -61.3098 4 5 0
7.95587 -59.9144 -60.5827 4 5 0
7.96568 -60.1613 -60.3319 4 5 0
7.92986 -59.6283 -60.8788 4 5 0
7.928 -59.613 -60.895 4 5 0
7.80584 -58.9455 -61.6099 4 5 0
7.62133 -58.3038 -62.3206 4 5 0
7.40267 -57.6868 -63.016 4 5 0
7.17151 -57.072 -63.7062 4 5 0
6.94606 -56.444 -64.4055 4 5 0
6.74248 -55.7792 -65.109 4 5 0
6.57319 -55.0831 -65.8326 4 5 0
6.44312 -54.3603 -66.5456 4 5 0
6.34917 -53.6196 -67.2362 4 5 0
6.28406 -52.8734 -67.9067 4 5 0
6.24029 -52.1262 -68.5349 4 5 0
6.21162 -51.3778 -69.1392 4 5 0
6.19333 -50.6268 -69.7096 4 5 0
6.18195 -49.8742 -70.2368 4 5 0
6.17508 -49.1271 -70.7297 4 5 0
6.18237 -49.9102 -70.2172 4 5 0
6.17532 -49.161 -70.7089 4 5 0
6.17517 -49.1559 -70.7149 4 5 0
6.17095 -48.3904 -71.18 4 5 0
6.16863 -47.6297 -71.5905 4 5 0
6.16739 -46.865 -71.9836 4 5 0
6.1667 -46.0927 -72.3197 4 5 0
6.16635 -45.2978 -72.6578 4 5 0
6.1654 -44.3272 -73.0022 4 5 0
6.16508 -43.4665 -73.2597 4 5 0
6.16492 -42.5378 -73.5257 4 5 0
6.16528 -42.3574 -73.5648 4 5 0
6.16541 -41.0877 -73.8498 4 5 0
6.16562 -39.882 -74.0614 4 5 0
6.16626 -38.4576 -74.2852 4 5 0
6.16631 -36.693 -74.4915 4 5 0
6.16635 -34.4141 -74.6737 4 5 0
6.16562 -34.2189 -74.7081 4 5 0
6.16542 -30.0488 -74.9217 4 5 0
6.165 -26.4546 -75.0347 4 5 0
6.15261 -22.9108 -75.1434 4 5 0
6.15199 -19.7118 -75.1881 4 5 0
6.15191 -18.7527 -75.1993 4 5 0
6.20698 -8.35196 -75.2117 4 5 0
6.22399 -6.04394 -75.223 4 5 0
6.23504 -3.79111 -75.2376 4 5 0
6.24536 -1.4902 -75.1743 4 5 0
6.29687 5.3668 -75.0761 4 5 0
6.28826 6.45876 -75.1236 4 5 0
6.16873 12.0492 -75.3995 4 5 0
6.16594 18.5681 -75.1468 4 5 0
6.16572 25.978 -75.5821 4 5 0
