0 -69.8314 -69.8314 2 1 0
0.00865411 -69.8134 -69.8134 1 1 0
0.017307 -69.7954 -69.7954 1 1 0
0.0346094 -69.7593 -69.7593 1 1 0
0.0692001 -69.6872 -69.6872 1 1 0
0.138324 -69.5429 -69.5429 1 1 0
0.224619 -69.3626 -69.3626 1 1 0
0.310789 -69.1821 -69.1821 1 1 0
0.396827 -69.0016 -69.0016 1 1 0
0.48273 -68.8211 -68.8211 1 1 0
0.568494 -68.6404 -68.6404 1 1 0
0.654113 -68.4597 -68.4597 1 1 0
0.739583 -68.279 -68.279 1 1 0
0.824899 -68.0981 -68.0981 1 1 0
0.910056 -67.9172 -67.9172 1 1 0
0.995047 -67.7362 -67.7362 1 1 0
1.07987 -67.5552 -67.5552 1 1 0
1.16452 -67.374 -67.374 1 1 0
1.24898 -67.1928 -67.1928 1 1 0
1.33326 -67.0115 -67.0115 1 1 0
1.41735 -66.8301 -66.8301 1 1 0
1.50124 -66.6487 -66.6487 1 1 0
1.58492 -66.4671 -66.4671 1 1 0
1.6684 -66.2854 -66.2854 1 1 0
1.75166 -66.1037 -66.1037 1 1 0
1.83469 -65.9218 -65.9218 1 1 0
1.9175 -65.7398 -65.7398 1 1 0
2.00007 -65.5578 -65.5578 1 1 0
2.0824 -65.3756 -65.3756 1 1 0
2.16448 -65.1933 -65.1933 1 1 0
2.2463 -65.0109 -65.0109 1 1 0
2.32786 -64.8284 -64.8284 1 1 0
2.40916 -64.6458 -64.6458 1 1 0
2.49017 -64.463 -64.463 1 1 0
2.5709 -64.2802 -64.2802 1 1 0
2.65134 -64.0972 -64.0972 1 1 0
2.73148 -63.9141 -63.9141 1 1 0
2.81131 -63.7308 -63.7308 1 1 0
2.89083 -63.5474 -63.5474 1 1 0
2.97003 -63.3639 -63.3639 1 1 0
3.0489 -63.1802 -63.1802 1 1 0
3.12743 -62.9964 -62.9964 1 1 0
3.20561 -62.8125 -62.8125 1 1 0
3.28344 -62.6284 -62.6284 1 1 0
3.36091 -62.4441 -62.4441 1 1 0
3.43801 -62.2597 -62.2597 1 1 0
3.51474 -62.0752 -62.0752 1 1 0
3.59107 -61.8904 -61.8904 1 1 0
3.66701 -61.7056 -61.7056 1 1 0
3.74255 -61.5205 -61.5205 1 1 0
3.81768 -61.3353 -61.3353 1 1 0
3.89238 -61.1499 -61.1499 1 1 0
3.96665 -60.9644 -60.9644 1 1 0
4.04049 -60.7787 -60.7787 1 1 0
4.11387 -60.5928 -60.5928 1 1 0
4.1868 -60.4067 -60.4067 1 1 0
4.25927 -60.2204 -60.2204 1 1 0
4.33126 -60.034 -60.034 1 1 0
4.40276 -59.8474 -59.8474 1 1 0
4.47376 -59.6605 -59.6605 1 1 0
4.54427 -59.4735 -59.4735 1 1 0
4.61425 -59.2863 -59.2863 1 1 0
4.68372 -59.0989 -59.0989 1 1 0
4.75264 -58.9113 -58.9113 1 1 0
4.82103 -58.7235 -58.7235 1 1 0
4.88885 -58.5355 -58.5355 1 1 0
4.95611 -58.3473 -58.3473 1 1 0
5.02279 -58.1589 -58.1589 1 1 0
5.08888 -57.9703 -57.9703 1 1 0
5.15438 -57.7815 -57.7815 1 1 0
5.21926 -57.5924 -57.5924 1 1 0
5.28351 -57.4032 -57.4032 1 1 0
5.34714 -57.2137 -57.2137 1 1 0
5.41011 -57.024 -57.024 1 1 0
5.47243 -56.8341 -56.8341 1 1 0
5.53407 -56.644 -56.644 1 1 0
5.59502 -56.4537 -56.4537 1 1 0
5.65528 -56.2631 -56.2631 1 1 0
5.71483 -56.0723 -56.0723 1 1 0
5.77365 -55.8813 -55.8813 1 1 0
5.83173 -55.69 -55.69 1 1 0
5.88905 -55.4985 -55.4985 1 1 0
5.94561 -55.3068 -55.3068 1 1 0
6.00139 -55.1149 -55.1149 1 1 0
6.05636 -54.9227 -54.9227 1 1 0
6.11052 -54.7303 -54.7303 1 1 0
6.16385 -54.5376 -54.5376 1 1 0
6.21633 -54.3447 -54.3447 1 1 0
6.26795 -54.1516 -54.1516 1 1 0
6.31869 -53.9583 -53.9583 1 1 0
6.36853 -53.7647 -53.7647 1 1 0
6.41745 -53.5708 -53.5708 1 1 0
6.46544 -53.3768 -53.3768 1 1 0
6.51248 -53.1825 -53.1825 1 1 0
6.55855 -52.988 -52.988 1 1 0
6.60363 -52.7932 -52.7932 1 1 0
6.64771 -52.5982 -52.5982 1 1 0
6.69075 -52.403 -52.403 1 1 0
6.73275 -52.2075 -52.2075 1 1 0
6.77368 -52.0118 -52.0118 1 1 0
6.81352 -51.8159 -51.8159 1 1 0
6.85226 -51.6198 -51.6198 1 1 0
6.88987 -51.4234 -51.4234 1 1 0
6.92633 -51.2268 -51.2268 1 1 0
6.96161 -51.03 -51.03 1 1 0
6.99571 -50.833 -50.833 1 1 0
7.0286 -50.6358 -50.6358 1 1 0
7.06025 -50.4384 -50.4384 1 1 0
7.06068 -50.4356 -50.4356 2 1 0
7.09107 -50.238 -50.238 2 1 0
7.12017 -50.0402 -50.0402 2 1 0
7.14798 -49.8422 -49.8422 2 1 0
7.17447 -49.644 -49.644 2 1 0
7.19962 -49.4457 -49.4457 2 1 0
7.22342 -49.2471 -49.2471 2 1 0
7.24584 -49.0484 -49.0484 2 1 0
7.26686 -48.8496 -48.8496 2 1 0
7.28647 -48.6506 -48.6506 2 1 0
7.30465 -48.4515 -48.4515 2 1 0
7.32137 -48.2522 -48.2522 2 1 0
7.33663 -48.0529 -48.0529 2 1 0
7.35041 -47.8534 -47.8534 2 1 0
7.36269 -47.6538 -47.6538 2 1 0
7.37345 -47.4541 -47.4541 2 1 0
7.3827 -47.2544 -47.2544 2 1 0
7.39041 -47.0546 -47.0546 2 1 0
7.39658 -46.8547 -46.8547 2 1 0
7.40119 -46.6548 -46.6548 2 1 0
7.40425 -46.4548 -46.4548 2 1 0
7.40574 -46.2549 -46.2549 2 1 0
7.4059 -46.1643 -46.1643 2 1 0
7.40512 -45.9643 -45.9643 2 1 0
7.40277 -45.7644 -45.7644 2 1 0
7.39885 -45.5645 -45.5645 2 1 0
7.39338 -45.3646 -45.3646 2 1 0
7.38634 -45.1647 -45.1647 2 1 0
7.37777 -44.9649 -44.9649 2 1 0
7.36766 -44.7652 -44.7652 2 1 0
7.35603 -44.5656 -44.5656 2 1 0
7.3429 -44.366 -44.366 2 1 0
7.32829 -44.1666 -44.1666 2 1 0
7.31223 -43.9673 -43.9673 2 1 0
7.29473 -43.7681 -43.7681 2 1 0
7.27583 -43.569 -43.569 2 1 0
7.25556 -43.3701 -43.3701 2 1 0
7.23396 -43.1713 -43.1713 2 1 0
7.21107 -42.9726 -42.9726 2 1 0
7.18694 -42.7741 -42.7741 2 1 0
7.16161 -42.5757 -42.5757 2 1 0
7.13513 -42.3775 -42.3775 2 1 0
7.10756 -42.1795 -42.1795 2 1 0
7.07897 -41.9815 -41.9815 2 1 0
7.04941 -41.7838 -41.7838 2 1 0
7.01895 -41.5861 -41.5861 2 1 0
6.98768 -41.3886 -41.3886 2 1 0
6.95568 -41.1912 -41.1912 2 1 0
6.92301 -40.9939 -40.9939 2 1 0
6.88979 -40.7967 -40.7967 2 1 0
6.8561 -40.5996 -40.5996 2 1 0
6.82205 -40.4026 -40.4026 2 1 0
6.78775 -40.2056 -40.2056 2 1 0
6.75332 -40.0086 -40.0086 2 1 0
6.71888 -39.8116 -39.8116 2 1 0
6.68456 -39.6146 -39.6146 2 1 0
6.65051 -39.4175 -39.4175 2 1 0
6.61688 -39.2204 -39.2204 2 1 0
6.58383 -39.0232 -39.0232 2 1 0
6.55153 -38.8258 -38.8258 2 1 0
6.52017 -38.6283 -38.6283 2 1 0
6.48994 -38.4307 -38.4307 2 1 0
6.46106 -38.2328 -38.2328 2 1 0
6.43376 -38.0347 -38.0347 2 1 0
6.40826 -37.8364 -37.8364 2 1 0
6.38483 -37.6378 -37.6378 2 1 0
6.36375 -37.4389 -37.4389 2 1 0
6.34531 -37.2398 -37.2398 2 1 0
6.32982 -37.0404 -37.0404 2 1 0
6.31761 -36.8409 -36.8409 2 1 0
6.30902 -36.6411 -36.6411 2 1 0
6.30444 -36.4412 -36.4412 2 1 0
6.30376 -36.3314 -36.3314 2 1 0
6.30612 -36.1315 -36.1315 2 1 0
6.31348 -35.9316 -35.9316 2 1 0
6.32623 -35.7321 -35.7321 2 1 0
6.34479 -35.533 -35.533 2 1 0
6.36954 -35.3346 -35.3346 2 1 0
6.40086 -35.1371 -35.1371 2 1 0
6.43909 -34.9408 -34.9408 2 1 0
6.48453 -34.7461 -34.7461 2 1 0
6.53742 -34.5532 -34.5532 2 1 0
6.59794 -34.3626 -34.3626 2 1 0
6.66618 -34.1747 -34.1747 2 1 0
6.74216 -33.9897 -33.9897 2 1 0
6.82583 -33.8081 -33.8081 2 1 0
6.91703 -33.6301 -33.6301 2 1 0
7.01555 -33.4561 -33.4561 2 1 0
7.1211 -33.2862 -33.2862 2 1 0
7.23335 -33.1208 -33.1208 2 1 0
7.35195 -32.9597 -32.9597 2 1 0
7.47648 -32.8033 -32.8033 2 1 0
7.60655 -32.6514 -32.6514 2 1 0
7.74176 -32.504 -32.504 2 1 0
7.88171 -32.3612 -32.3612 2 1 0
8.02603 -32.2228 -32.2228 2 1 0
8.17434 -32.0886 -32.0886 2 1 0
8.32632 -31.9586 -31.9586 2 1 0
8.48165 -31.8327 -31.8327 2 1 0
8.64005 -31.7106 -31.7106 2 1 0
8.80124 -31.5922 -31.5922 2 1 0
8.96499 -31.4774 -31.4774 2 1 0
9.13107 -31.366 -31.366 2 1 0
9.2993 -31.2579 -31.2579 2 1 0
9.46948 -31.1528 -31.1528 2 1 0
9.64145 -31.0508 -31.0508 2 1 0
9.81507 -30.9515 -30.9515 2 1 0
9.9902 -30.8549 -30.8549 2 1 0
10.1667 -30.7609 -30.7609 2 1 0
10.3445 -30.6694 -30.6694 2 1 0
10.5235 -30.5802 -30.5802 2 1 0
10.7036 -30.4932 -30.4932 2 1 0
10.8847 -30.4083 -30.4083 2 1 0
11.0668 -30.3255 -30.3255 2 1 0
11.2497 -30.2446 -30.2446 2 1 0
11.4334 -30.1656 -30.1656 2 1 0
11.6179 -30.0883 -30.0883 2 1 0
11.8031 -30.0128 -30.0128 2 1 0
11.9889 -29.9388 -29.9388 2 1 0
12.1754 -29.8665 -29.8665 2 1 0
12.3624 -29.7956 -29.7956 2 1 0
12.5499 -29.7262 -29.7262 2 1 0
12.738 -29.6581 -29.6581 2 1 0
12.9266 -29.5914 -29.5914 2 1 0
13.1155 -29.5259 -29.5259 2 1 0
13.305 -29.4617 -29.4617 2 1 0
13.4948 -29.3987 -29.3987 2 1 0
13.6849 -29.3368 -29.3368 2 1 0
13.8755 -29.276 -29.276 2 1 0
14.0663 -29.2162 -29.2162 2 1 0
14.2575 -29.1575 -29.1575 2 1 0
14.449 -29.0998 -29.0998 2 1 0
14.6408 -29.043 -29.043 2 1 0
14.8328 -28.9871 -28.9871 2 1 0
15.0251 -28.9322 -28.9322 2 1 0
15.2176 -28.878 -28.878 2 1 0
15.4104 -28.8248 -28.8248 2 1 0
15.6034 -28.7723 -28.7723 2 1 0
15.7966 -28.7206 -28.7206 2 1 0
15.99 -28.6697 -28.6697 2 1 0
16.1836 -28.6195 -28.6195 2 1 0
16.3774 -28.57 -28.57 2 1 0
16.5714 -28.5212 -28.5212 2 1 0
16.7655 -28.4731 -28.4731 2 1 0
16.9598 -28.4257 -28.4257 2 1 0
17.1542 -28.3788 -28.3788 2 1 0
17.3488 -28.3326 -28.3326 2 1 0
17.5435 -28.287 -28.287 2 1 0
17.7384 -28.242 -28.242 2 1 0
17.9334 -28.1976 -28.1976 2 1 0
18.1285 -28.1537 -28.1537 2 1 0
18.3238 -28.1103 -28.1103 2 1 0
18.5191 -28.0675 -28.0675 2 1 0
18.7146 -28.0252 -28.0252 2 1 0
18.9102 -27.9834 -27.9834 2 1 0
19.1059 -27.9421 -27.9421 2 1 0
19.3016 -27.9012 -27.9012 2 1 0
19.4975 -27.8609 -27.8609 2 1 0
19.6935 -27.8209 -27.8209 2 1 0
19.8896 -27.7815 -27.7815 2 1 0
20.0857 -27.7424 -27.7424 2 1 0
20.2819 -27.7038 -27.7038 2 1 0
20.4782 -27.6656 -27.6656 2 1 0
20.6746 -27.6278 -27.6278 2 1 0
20.8711 -27.5904 -27.5904 2 1 0
21.0677 -27.5533 -27.5533 2 1 0
21.2643 -27.5167 -27.5167 2 1 0
21.4609 -27.4804 -27.4804 2 1 0
21.6577 -27.4445 -27.4445 2 1 0
21.8545 -27.4089 -27.4089 2 1 0
22.0514 -27.3737 -27.3737 2 1 0
22.2483 -27.3389 -27.3389 2 1 0
22.4453 -27.3043 -27.3043 2 1 0
22.6424 -27.2701 -27.2701 2 1 0
22.8395 -27.2362 -27.2362 2 1 0
23.0366 -27.2027 -27.2027 2 1 0
23.2338 -27.1694 -27.1694 2 1 0
23.4311 -27.1364 -27.1364 2 1 0
23.6284 -27.1038 -27.1038 2 1 0
23.8258 -27.0714 -27.0714 2 1 0
24.0232 -27.0393 -27.0393 2 1 0
24.2206 -27.0075 -27.0075 2 1 0
24.4181 -26.9759 -26.9759 2 1 0
24.6157 -26.9447 -26.9447 2 1 0
24.8133 -26.9137 -26.9137 2 1 0
25.0109 -26.8829 -26.8829 2 1 0
25.2085 -26.8525 -26.8525 2 1 0
25.4062 -26.8222 -26.8222 2 1 0
25.604 -26.7922 -26.7922 2 1 0
25.8018 -26.7625 -26.7625 2 1 0
25.9996 -26.733 -26.733 2 1 0
26.1974 -26.7037 -26.7037 2 1 0
26.3953 -26.6747 -26.6747 2 1 0
26.5932 -26.6459 -26.6459 2 1 0
26.7912 -26.6173 -26.6173 2 1 0
26.9891 -26.5889 -26.5889 2 1 0
27.1871 -26.5607 -26.5607 2 1 0
27.3852 -26.5328 -26.5328 2 1 0
27.5832 -26.5051 -26.5051 2 1 0
27.7813 -26.4775 -26.4775 2 1 0
27.9795 -26.4502 -26.4502 2 1 0
28.1776 -26.4231 -26.4231 2 1 0
28.3758 -26.3961 -26.3961 2 1 0
28.574 -26.3694 -26.3694 2 1 0
28.7722 -26.3429 -26.3429 2 1 0
28.9705 -26.3165 -26.3165 2 1 0
29.1688 -26.2903 -26.2903 2 1 0
29.3671 -26.2643 -26.2643 2 1 0
29.5654 -26.2385 -26.2385 2 1 0
29.7637 -26.2129 -26.2129 2 1 0
29.9621 -26.1874 -26.1874 2 1 0
30.1605 -26.1621 -26.1621 2 1 0
30.3589 -26.137 -26.137 2 1 0
30.5573 -26.1121 -26.1121 2 1 0
30.7558 -26.0873 -26.0873 2 1 0
30.9543 -26.0626 -26.0626 2 1 0
31.1528 -26.0382 -26.0382 2 1 0
31.3513 -26.0139 -26.0139 2 1 0
31.5498 -25.9897 -25.9897 2 1 0
31.7484 -25.9657 -25.9657 2 1 0
31.947 -25.9419 -25.9419 2 1 0
32.1455 -25.9182 -25.9182 2 1 0
32.3442 -25.8946 -25.8946 2 1 0
32.5428 -25.8712 -25.8712 2 1 0
32.7414 -25.8479 -25.8479 2 1 0
32.9401 -25.8248 -25.8248 2 1 0
33.1388 -25.8018 -25.8018 2 1 0
33.3374 -25.779 -25.779 2 1 0
33.5362 -25.7563 -25.7563 2 1 0
33.7349 -25.7337 -25.7337 2 1 0
33.9336 -25.7113 -25.7113 2 1 0
34.1324 -25.689 -25.689 2 1 0
34.3311 -25.6668 -25.6668 2 1 0
34.5299 -25.6447 -25.6447 2 1 0
34.7287 -25.6228 -25.6228 2 1 0
34.9275 -25.601 -25.601 2 1 0
35.1263 -25.5793 -25.5793 2 1 0
35.3252 -25.5578 -25.5578 2 1 0
35.524 -25.5364 -25.5364 2 1 0
35.7229 -25.5151 -25.5151 2 1 0
35.9218 -25.4939 -25.4939 2 1 0
36.1206 -25.4728 -25.4728 2 1 0
36.3195 -25.4518 -25.4518 2 1 0
36.5184 -25.431 -25.431 2 1 0
36.7174 -25.4102 -25.4102 2 1 0
36.9163 -25.3896 -25.3896 2 1 0
37.1152 -25.3691 -25.3691 2 1 0
37.3142 -25.3487 -25.3487 2 1 0
37.5132 -25.3284 -25.3284 2 1 0
37.7121 -25.3082 -25.3082 2 1 0
37.9111 -25.2881 -25.2881 2 1 0
38.1101 -25.2681 -25.2681 2 1 0
38.3091 -25.2482 -25.2482 2 1 0
38.5082 -25.2285 -25.2285 2 1 0
38.7072 -25.2088 -25.2088 2 1 0
38.9062 -25.1892 -25.1892 2 1 0
39.1053 -25.1697 -25.1697 2 1 0
39.3043 -25.1503 -25.1503 2 1 0
39.5034 -25.1311 -25.1311 2 1 0
39.7025 -25.1119 -25.1119 2 1 0
39.9016 -25.0928 -25.0928 2 1 0
40.1007 -25.0738 -25.0738 2 1 0
40.2998 -25.0549 -25.0549 2 1 0
40.4989 -25.036 -25.036 2 1 0
40.698 -25.0173 -25.0173 2 1 0
40.8971 -24.9987 -24.9987 2 1 0
41.0963 -24.9801 -24.9801 2 1 0
41.2954 -24.9617 -24.9617 2 1 0
41.4946 -24.9433 -24.9433 2 1 0
41.6937 -24.925 -24.925 2 1 0
41.8929 -24.9068 -24.9068 2 1 0
42.0921 -24.8887 -24.8887 2 1 0
42.2913 -24.8706 -24.8706 2 1 0
42.4904 -24.8527 -24.8527 2 1 0
42.6896 -24.8348 -24.8348 2 1 0
42.8889 -24.817 -24.817 2 1 0
43.0881 -24.7993 -24.7993 2 1 0
43.2873 -24.7817 -24.7817 2 1 0
43.4865 -24.7641 -24.7641 2 1 0
43.6857 -24.7466 -24.7466 2 1 0
43.885 -24.7293 -24.7293 2 1 0
44.0842 -24.7119 -24.7119 2 1 0
44.2835 -24.6947 -24.6947 2 1 0
44.4828 -24.6775 -24.6775 2 1 0
44.682 -24.6604 -24.6604 2 1 0
44.8813 -24.6434 -24.6434 2 1 0
45.0806 -24.6265 -24.6265 2 1 0
45.2799 -24.6096 -24.6096 2 1 0
45.4792 -24.5928 -24.5928 2 1 0
45.6785 -24.5761 -24.5761 2 1 0
45.8778 -24.5594 -24.5594 2 1 0
46.0771 -24.5428 -24.5428 2 1 0
46.2764 -24.5263 -24.5263 2 1 0
46.4757 -24.5098 -24.5098 2 1 0
46.675 -24.4934 -24.4934 2 1 0
46.8744 -24.4771 -24.4771 2 1 0
47.0737 -24.4609 -24.4609 2 1 0
47.2731 -24.4447 -24.4447 2 1 0
47.4724 -24.4286 -24.4286 2 1 0
47.6718 -24.4125 -24.4125 2 1 0
47.8711 -24.3965 -24.3965 2 1 0
48.0705 -24.3806 -24.3806 2 1 0
48.2698 -24.3648 -24.3648 2 1 0
48.4692 -24.349 -24.349 2 1 0
48.6686 -24.3332 -24.3332 2 1 0
48.868 -24.3176 -24.3176 2 1 0
49.0674 -24.3019 -24.3019 2 1 0
49.2668 -24.2864 -24.2864 2 1 0
49.4662 -24.2709 -24.2709 2 1 0
49.6656 -24.2555 -24.2555 2 1 0
49.865 -24.2401 -24.2401 2 1 0
50.0644 -24.2248 -24.2248 2 1 0
50.2638 -24.2095 -24.2095 2 1 0
50.4632 -24.1943 -24.1943 2 1 0
50.6627 -24.1792 -24.1792 2 1 0
50.8621 -24.1641 -24.1641 2 1 0
51.0615 -24.1491 -24.1491 2 1 0
51.261 -24.1341 -24.1341 2 1 0
51.4604 -24.1192 -24.1192 2 1 0
51.6599 -24.1044 -24.1044 2 1 0
51.8593 -24.0896 -24.0896 2 1 0
52.0588 -24.0748 -24.0748 2 1 0
52.2582 -24.0601 -24.0601 2 1 0
52.4577 -24.0455 -24.0455 2 1 0
52.6572 -24.0309 -24.0309 2 1 0
52.8566 -24.0164 -24.0164 2 1 0
53.0561 -24.0019 -24.0019 2 1 0
53.2556 -23.9875 -23.9875 2 1 0
53.4551 -23.9731 -23.9731 2 1 0
53.6545 -23.9588 -23.9588 2 1 0
53.854 -23.9445 -23.9445 2 1 0
54.0535 -23.9303 -23.9303 2 1 0
54.253 -23.9161 -23.9161 2 1 0
54.4525 -23.902 -23.902 2 1 0
54.652 -23.8879 -23.8879 2 1 0
54.8515 -23.8739 -23.8739 2 1 0
55.051 -23.8599 -23.8599 2 1 0
55.2506 -23.846 -23.846 2 1 0
55.4501 -23.8321 -23.8321 2 1 0
55.6496 -23.8183 -23.8183 2 1 0
55.8491 -23.8045 -23.8045 2 1 0
56.0487 -23.7907 -23.7907 2 1 0
56.2482 -23.777 -23.777 2 1 0
56.4477 -23.7634 -23.7634 2 1 0
56.6473 -23.7498 -23.7498 2 1 0
56.8468 -23.7362 -23.7362 2 1 0
57.0463 -23.7227 -23.7227 2 1 0
57.2459 -23.7093 -23.7093 2 1 0
57.4454 -23.6958 -23.6958 2 1 0
57.645 -23.6825 -23.6825 2 1 0
57.8445 -23.6691 -23.6691 2 1 0
58.0441 -23.6558 -23.6558 2 1 0
58.2437 -23.6426 -23.6426 2 1 0
58.4432 -23.6294 -23.6294 2 1 0
58.6428 -23.6162 -23.6162 2 1 0
58.8424 -23.6031 -23.6031 2 1 0
59.0419 -23.59 -23.59 2 1 0
59.2415 -23.577 -23.577 2 1 0
59.4411 -23.564 -23.564 2 1 0
59.6407 -23.5511 -23.5511 2 1 0
59.8402 -23.5382 -23.5382 2 1 0
60.0398 -23.5253 -23.5253 2 1 0
60.2394 -23.5125 -23.5125 2 1 0
60.439 -23.4997 -23.4997 2 1 0
60.6386 -23.4869 -23.4869 2 1 0
60.8382 -23.4742 -23.4742 2 1 0
61.0378 -23.4616 -23.4616 2 1 0
61.2374 -23.4489 -23.4489 2 1 0
61.437 -23.4363 -23.4363 2 1 0
61.6366 -23.4238 -23.4238 2 1 0
61.8362 -23.4113 -23.4113 2 1 0
62.0358 -23.3988 -23.3988 2 1 0
62.2354 -23.3864 -23.3864 2 1 0
62.435 -23.374 -23.374 2 1 0
62.6347 -23.3616 -23.3616 2 1 0
62.8343 -23.3493 -23.3493 2 1 0
63.0339 -23.337 -23.337 2 1 0
63.2335 -23.3248 -23.3248 2 1 0
63.4332 -23.3125 -23.3125 2 1 0
63.6328 -23.3004 -23.3004 2 1 0
63.8324 -23.2882 -23.2882 2 1 0
64.0321 -23.2761 -23.2761 2 1 0
64.2317 -23.2641 -23.2641 2 1 0
64.4313 -23.252 -23.252 2 1 0
64.631 -23.24 -23.24 2 1 0
64.8306 -23.2281 -23.2281 2 1 0
65.0303 -23.2161 -23.2161 2 1 0
65.2299 -23.2042 -23.2042 2 1 0
65.4295 -23.1924 -23.1924 2 1 0
65.6292 -23.1805 -23.1805 2 1 0
65.8288 -23.1688 -23.1688 2 1 0
66.0285 -23.157 -23.157 2 1 0
66.2282 -23.1453 -23.1453 2 1 0
66.4278 -23.1336 -23.1336 2 1 0
66.6275 -23.1219 -23.1219 2 1 0
66.8271 -23.1103 -23.1103 2 1 0
67.0268 -23.0987 -23.0987 2 1 0
67.2265 -23.0871 -23.0871 2 1 0
67.4261 -23.0756 -23.0756 2 1 0
67.6258 -23.0641 -23.0641 2 1 0
67.8255 -23.0527 -23.0527 2 1 0
68.0251 -23.0412 -23.0412 2 1 0
68.2248 -23.0298 -23.0298 2 1 0
68.4245 -23.0184 -23.0184 2 1 0
68.6242 -23.0071 -23.0071 2 1 0
68.8239 -22.9958 -22.9958 2 1 0
69.0235 -22.9845 -22.9845 2 1 0
69.2232 -22.9733 -22.9733 2 1 0
69.4229 -22.9621 -22.9621 2 1 0
69.6226 -22.9509 -22.9509 2 1 0
69.8223 -22.9397 -22.9397 2 1 0
70.022 -22.9286 -22.9286 2 1 0
70.2217 -22.9175 -22.9175 2 1 0
70.4214 -22.9064 -22.9064 2 1 0
70.6211 -22.8954 -22.8954 2 1 0
70.8207 -22.8844 -22.8844 2 1 0
71.0204 -22.8734 -22.8734 2 1 0
71.2201 -22.8625 -22.8625 2 1 0
71.4198 -22.8516 -22.8516 2 1 0
71.6196 -22.8407 -22.8407 2 1 0
71.8193 -22.8298 -22.8298 2 1 0
72.019 -22.819 -22.819 2 1 0
72.2187 -22.8082 -22.8082 2 1 0
72.4184 -22.7974 -22.7974 2 1 0
72.6181 -22.7866 -22.7866 2 1 0
72.8178 -22.7759 -22.7759 2 1 0
73.0175 -22.7652 -22.7652 2 1 0
73.2172 -22.7546 -22.7546 2 1 0
73.4169 -22.7439 -22.7439 2 1 0
73.6167 -22.7333 -22.7333 2 1 0
73.8164 -22.7227 -22.7227 2 1 0
74.0161 -22.7122 -22.7122 2 1 0
74.2158 -22.7016 -22.7016 2 1 0
74.4156 -22.6911 -22.6911 2 1 0
74.6153 -22.6806 -22.6806 2 1 0
74.815 -22.6702 -22.6702 2 1 0
75.0147 -22.6598 -22.6598 2 1 0
75.2145 -22.6494 -22.6494 2 1 0
75.4142 -22.639 -22.639 2 1 0
75.6139 -22.6286 -22.6286 2 1 0
75.8137 -22.6183 -22.6183 2 1 0
76.0134 -22.608 -22.608 2 1 0
76.2131 -22.5977 -22.5977 2 1 0
76.4129 -22.5875 -22.5875 2 1 0
76.6126 -22.5773 -22.5773 2 1 0
76.8123 -22.5671 -22.5671 2 1 0
77.0121 -22.5569 -22.5569 2 1 0
77.2118 -22.5467 -22.5467 2 1 0
77.4116 -22.5366 -22.5366 2 1 0
77.6113 -22.5265 -22.5265 2 1 0
77.8111 -22.5165 -22.5165 2 1 0
78.0108 -22.5064 -22.5064 2 1 0
78.2106 -22.4964 -22.4964 2 1 0
78.4103 -22.4864 -22.4864 2 1 0
78.6101 -22.4764 -22.4764 2 1 0
78.8098 -22.4664 -22.4664 2 1 0
79.0096 -22.4565 -22.4565 2 1 0
79.2093 -22.4466 -22.4466 2 1 0
79.4091 -22.4367 -22.4367 2 1 0
79.6088 -22.4269 -22.4269 2 1 0
79.8086 -22.417 -22.417 2 1 0
80.0083 -22.4072 -22.4072 2 1 0
80.2081 -22.3974 -22.3974 2 1 0
80.4079 -22.3876 -22.3876 2 1 0
80.6076 -22.3779 -22.3779 2 1 0
80.8074 -22.3682 -22.3682 2 1 0
81.0072 -22.3585 -22.3585 2 1 0
81.2069 -22.3488 -22.3488 2 1 0
81.4067 -22.3391 -22.3391 2 1 0
81.6065 -22.3295 -22.3295 2 1 0
81.8062 -22.3199 -22.3199 2 1 0
82.006 -22.3103 -22.3103 2 1 0
82.2058 -22.3007 -22.3007 2 1 0
82.4055 -22.2912 -22.2912 2 1 0
82.6053 -22.2816 -22.2816 2 1 0
82.8051 -22.2721 -22.2721 2 1 0
83.0049 -22.2626 -22.2626 2 1 0
83.2046 -22.2532 -22.2532 2 1 0
83.4044 -22.2437 -22.2437 2 1 0
83.6042 -22.2343 -22.2343 2 1 0
83.804 -22.2249 -22.2249 2 1 0
84.0037 -22.2155 -22.2155 2 1 0
84.2035 -22.2062 -22.2062 2 1 0
84.4033 -22.1969 -22.1969 2 1 0
84.6031 -22.1875 -22.1875 2 1 0
84.8029 -22.1782 -22.1782 2 1 0
85.0027 -22.169 -22.169 2 1 0
85.2024 -22.1597 -22.1597 2 1 0
85.4022 -22.1505 -22.1505 2 1 0
85.602 -22.1413 -22.1413 2 1 0
85.8018 -22.1321 -22.1321 2 1 0
86.0016 -22.1229 -22.1229 2 1 0
86.2014 -22.1137 -22.1137 2 1 0
86.4012 -22.1046 -22.1046 2 1 0
86.601 -22.0955 -22.0955 2 1 0
86.8008 -22.0864 -22.0864 2 1 0
87.0006 -22.0773 -22.0773 2 1 0
87.2004 -22.0683 -22.0683 2 1 0
87.4001 -22.0592 -22.0592 2 1 0
87.5999 -22.0502 -22.0502 2 1 0
87.7997 -22.0412 -22.0412 2 1 0
87.9995 -22.0322 -22.0322 2 1 0
88.1993 -22.0233 -22.0233 2 1 0
88.3991 -22.0143 -22.0143 2 1 0
88.5989 -22.0054 -22.0054 2 1 0
88.7987 -21.9965 -21.9965 2 1 0
88.9985 -21.9876 -21.9876 2 1 0
89.1983 -21.9787 -21.9787 2 1 0
89.3982 -21.9699 -21.9699 2 1 0
89.598 -21.9611 -21.9611 2 1 0
89.7978 -21.9522 -21.9522 2 1 0
89.9976 -21.9434 -21.9434 2 1 0
90.1974 -21.9347 -21.9347 2 1 0
90.3972 -21.9259 -21.9259 2 1 0
90.597 -21.9172 -21.9172 2 1 0
90.7968 -21.9085 -21.9085 2 1 0
90.9966 -21.8997 -21.8997 2 1 0
91.1964 -21.8911 -21.8911 2 1 0
91.3962 -21.8824 -21.8824 2 1 0
91.596 -21.8737 -21.8737 2 1 0
91.7959 -21.8651 -21.8651 2 1 0
91.9957 -21.8565 -21.8565 2 1 0
92.1955 -21.8479 -21.8479 2 1 0
92.3953 -21.8393 -21.8393 2 1 0
92.5951 -21.8307 -21.8307 2 1 0
92.7949 -21.8222 -21.8222 2 1 0
92.9948 -21.8137 -21.8137 2 1 0
93.1946 -21.8052 -21.8052 2 1 0
93.3944 -21.7967 -21.7967 2 1 0
93.5942 -21.7882 -21.7882 2 1 0
93.794 -21.7797 -21.7797 2 1 0
93.9939 -21.7713 -21.7713 2 1 0
94.1937 -21.7628 -21.7628 2 1 0
94.3935 -21.7544 -21.7544 2 1 0
94.5933 -21.746 -21.746 2 1 0
94.7932 -21.7377 -21.7377 2 1 0
94.993 -21.7293 -21.7293 2 1 0
95.1928 -21.7209 -21.7209 2 1 0
95.3926 -21.7126 -21.7126 2 1 0
95.5925 -21.7043 -21.7043 2 1 0
95.7923 -21.696 -21.696 2 1 0
95.9921 -21.6877 -21.6877 2 1 0
96.1919 -21.6795 -21.6795 2 1 0
96.3918 -21.6712 -21.6712 2 1 0
96.5916 -21.663 -21.663 2 1 0
96.7914 -21.6548 -21.6548 2 1 0
96.9913 -21.6465 -21.6465 2 1 0
97.1911 -21.6384 -21.6384 2 1 0
97.3909 -21.6302 -21.6302 2 1 0
97.5908 -21.622 -21.622 2 1 0
97.7906 -21.6139 -21.6139 2 1 0
97.9904 -21.6058 -21.6058 2 1 0
98.1903 -21.5977 -21.5977 2 1 0
98.3901 -21.5896 -21.5896 2 1 0
98.5899 -21.5815 -21.5815 2 1 0
98.7898 -21.5734 -21.5734 2 1 0
98.9896 -21.5654 -21.5654 2 1 0
99.1895 -21.5573 -21.5573 2 1 0
99.3893 -21.5493 -21.5493 2 1 0
99.5891 -21.5413 -21.5413 2 1 0
99.789 -21.5333 -21.5333 2 1 0
99.9888 -21.5254 -21.5254 2 1 0
100.189 -21.5174 -21.5174 2 1 0
100.388 -21.5094 -21.5094 2 1 0
100.588 -21.5015 -21.5015 2 1 0
100.788 -21.4936 -21.4936 2 1 0
100.988 -21.4857 -21.4857 2 1 0
101.188 -21.4778 -21.4778 2 1 0
101.388 -21.4699 -21.4699 2 1 0
101.588 -21.4621 -21.4621 2 1 0
101.787 -21.4542 -21.4542 2 1 0
101.987 -21.4464 -21.4464 2 1 0
102.187 -21.4386 -21.4386 2 1 0
102.387 -21.4308 -21.4308 2 1 0
102.587 -21.423 -21.423 2 1 0
102.787 -21.4152 -21.4152 2 1 0
102.986 -21.4075 -21.4075 2 1 0
103.186 -21.3997 -21.3997 2 1 0
103.386 -21.392 -21.392 2 1 0
103.586 -21.3843 -21.3843 2 1 0
103.786 -21.3766 -21.3766 2 1 0
103.986 -21.3689 -21.3689 2 1 0
104.186 -21.3612 -21.3612 2 1 0
104.385 -21.3536 -21.3536 2 1 0
104.585 -21.3459 -21.3459 2 1 0
104.785 -21.3383 -21.3383 2 1 0
104.985 -21.3306 -21.3306 2 1 0
105.185 -21.323 -21.323 2 1 0
105.385 -21.3154 -21.3154 2 1 0
105.585 -21.3079 -21.3079 2 1 0
105.784 -21.3003 -21.3003 2 1 0
105.984 -21.2927 -21.2927 2 1 0
106.184 -21.2852 -21.2852 2 1 0
106.384 -21.2777 -21.2777 2 1 0
106.584 -21.2702 -21.2702 2 1 0
106.784 -21.2626 -21.2626 2 1 0
106.984 -21.2552 -21.2552 2 1 0
107.183 -21.2477 -21.2477 2 1 0
107.383 -21.2402 -21.2402 2 1 0
107.583 -21.2328 -21.2328 2 1 0
107.783 -21.2253 -21.2253 2 1 0
107.983 -21.2179 -21.2179 2 1 0
108.183 -21.2105 -21.2105 2 1 0
108.383 -21.2031 -21.2031 2 1 0
108.582 -21.1957 -21.1957 2 1 0
108.782 -21.1883 -21.1883 2 1 0
108.982 -21.181 -21.181 2 1 0
109.182 -21.1736 -21.1736 2 1 0
109.382 -21.1663 -21.1663 2 1 0
109.582 -21.159 -21.159 2 1 0
109.782 -21.1516 -21.1516 2 1 0
109.982 -21.1443 -21.1443 2 1 0
110.181 -21.1371 -21.1371 2 1 0
110.381 -21.1298 -21.1298 2 1 0
110.581 -21.1225 -21.1225 2 1 0
110.781 -21.1153 -21.1153 2 1 0
110.981 -21.108 -21.108 2 1 0
111.181 -21.1008 -21.1008 2 1 0
111.381 -21.0936 -21.0936 2 1 0
111.58 -21.0864 -21.0864 2 1 0
111.78 -21.0792 -21.0792 2 1 0
111.98 -21.072 -21.072 2 1 0
112.18 -21.0648 -21.0648 2 1 0
112.38 -21.0577 -21.0577 2 1 0
112.58 -21.0505 -21.0505 2 1 0
112.78 -21.0434 -21.0434 2 1 0
112.98 -21.0363 -21.0363 2 1 0
113.179 -21.0292 -21.0292 2 1 0
113.379 -21.0221 -21.0221 2 1 0
113.579 -21.015 -21.015 2 1 0
113.779 -21.0079 -21.0079 2 1 0
113.979 -21.0008 -21.0008 2 1 0
114.179 -20.9938 -20.9938 2 1 0
114.379 -20.9868 -20.9868 2 1 0
114.579 -20.9797 -20.9797 2 1 0
114.778 -20.9727 -20.9727 2 1 0
114.978 -20.9657 -20.9657 2 1 0
115.178 -20.9587 -20.9587 2 1 0
115.378 -20.9517 -20.9517 2 1 0
115.578 -20.9447 -20.9447 2 1 0
115.778 -20.9378 -20.9378 2 1 0
115.978 -20.9308 -20.9308 2 1 0
116.178 -20.9239 -20.9239 2 1 0
116.378 -20.917 -20.917 2 1 0
116.577 -20.91 -20.91 2 1 0
116.777 -20.9031 -20.9031 2 1 0
116.948 -20.8972 -20.8972 2 1 0
117.148 -20.8904 -20.8904 1 1 0
117.348 -20.8835 -20.8835 1 1 0
117.548 -20.8766 -20.8766 1 1 0
117.748 -20.8698 -20.8698 1 1 0
117.947 -20.8629 -20.8629 1 1 0
118.147 -20.8561 -20.8561 1 1 0
118.347 -20.8493 -20.8493 1 1 0
118.547 -20.8425 -20.8425 1 1 0
118.747 -20.8357 -20.8357 1 1 0
118.947 -20.8289 -20.8289 1 1 0
119.147 -20.8221 -20.8221 1 1 0
119.347 -20.8153 -20.8153 1 1 0
119.547 -20.8086 -20.8086 1 1 0
119.746 -20.8018 -20.8018 1 1 0
119.946 -20.7951 -20.7951 1 1 0
120.146 -20.7883 -20.7883 1 1 0
120.346 -20.7816 -20.7816 1 1 0
120.546 -20.7749 -20.7749 1 1 0
120.746 -20.7682 -20.7682 1 1 0
120.946 -20.7615 -20.7615 1 1 0
121.146 -20.7549 -20.7549 1 1 0
121.346 -20.7482 -20.7482 1 1 0
121.545 -20.7415 -20.7415 1 1 0
121.745 -20.7349 -20.7349 1 1 0
121.945 -20.7282 -20.7282 1 1 0
122.145 -20.7216 -20.7216 1 1 0
122.345 -20.715 -20.715 1 1 0
122.545 -20.7084 -20.7084 1 1 0
122.745 -20.7018 -20.7018 1 1 0
122.945 -20.6952 -20.6952 1 1 0
123.145 -20.6886 -20.6886 1 1 0
123.344 -20.6821 -20.6821 1 1 0
123.544 -20.6755 -20.6755 1 1 0
123.744 -20.669 -20.669 1 1 0
123.944 -20.6624 -20.6624 1 1 0
124.144 -20.6559 -20.6559 1 1 0
124.344 -20.6494 -20.6494 1 1 0
124.544 -20.6429 -20.6429 1 1 0
124.744 -20.6364 -20.6364 1 1 0
124.944 -20.6299 -20.6299 1 1 0
125.143 -20.6234 -20.6234 1 1 0
125.343 -20.6169 -20.6169 1 1 0
125.543 -20.6105 -20.6105 1 1 0
125.743 -20.604 -20.604 1 1 0
125.943 -20.5976 -20.5976 1 1 0
126.143 -20.5911 -20.5911 1 1 0
126.343 -20.5847 -20.5847 1 1 0
126.543 -20.5783 -20.5783 1 1 0
126.743 -20.5719 -20.5719 1 1 0
126.943 -20.5655 -20.5655 1 1 0
127.142 -20.5591 -20.5591 1 1 0
127.342 -20.5527 -20.5527 1 1 0
127.542 -20.5464 -20.5464 1 1 0
127.742 -20.54 -20.54 1 1 0
127.942 -20.5337 -20.5337 1 1 0
128.142 -20.5273 -20.5273 1 1 0
128.342 -20.521 -20.521 1 1 0
128.542 -20.5147 -20.5147 1 1 0
128.742 -20.5084 -20.5084 1 1 0
128.942 -20.5021 -20.5021 1 1 0
129.141 -20.4958 -20.4958 1 1 0
129.341 -20.4895 -20.4895 1 1 0
129.541 -20.4832 -20.4832 1 1 0
129.741 -20.4769 -20.4769 1 1 0
129.941 -20.4707 -20.4707 1 1 0
130.141 -20.4644 -20.4644 1 1 0
130.341 -20.4582 -20.4582 1 1 0
130.541 -20.452 -20.452 1 1 0
130.741 -20.4457 -20.4457 1 1 0
130.941 -20.4395 -20.4395 1 1 0
131.14 -20.4333 -20.4333 1 1 0
131.34 -20.4271 -20.4271 1 1 0
131.54 -20.4209 -20.4209 1 1 0
131.74 -20.4147 -20.4147 1 1 0
131.94 -20.4086 -20.4086 1 1 0
132.14 -20.4024 -20.4024 1 1 0
132.34 -20.3963 -20.3963 1 1 0
132.54 -20.3901 -20.3901 1 1 0
132.74 -20.384 -20.384 1 1 0
132.94 -20.3778 -20.3778 1 1 0
133.14 -20.3717 -20.3717 1 1 0
133.339 -20.3656 -20.3656 1 1 0
133.539 -20.3595 -20.3595 1 1 0
133.739 -20.3534 -20.3534 1 1 0
133.939 -20.3473 -20.3473 1 1 0
134.139 -20.3412 -20.3412 1 1 0
134.339 -20.3352 -20.3352 1 1 0
134.539 -20.3291 -20.3291 1 1 0
134.739 -20.3231 -20.3231 1 1 0
134.939 -20.317 -20.317 1 1 0
135.139 -20.311 -20.311 1 1 0
135.338 -20.3049 -20.3049 1 1 0
135.538 -20.2989 -20.2989 1 1 0
135.738 -20.2929 -20.2929 1 1 0
135.938 -20.2869 -20.2869 1 1 0
136.138 -20.2809 -20.2809 1 1 0
136.338 -20.2749 -20.2749 1 1 0
136.538 -20.2689 -20.2689 1 1 0
136.738 -20.263 -20.263 1 1 0
136.938 -20.257 -20.257 1 1 0
137.138 -20.2511 -20.2511 1 1 0
137.338 -20.2451 -20.2451 1 1 0
137.538 -20.2392 -20.2392 1 1 0
137.737 -20.2332 -20.2332 1 1 0
137.937 -20.2273 -20.2273 1 1 0
138.137 -20.2214 -20.2214 1 1 0
138.337 -20.2155 -20.2155 1 1 0
138.537 -20.2096 -20.2096 1 1 0
138.737 -20.2037 -20.2037 1 1 0
138.937 -20.1978 -20.1978 1 1 0
139.137 -20.1919 -20.1919 1 1 0
139.337 -20.1861 -20.1861 1 1 0
139.537 -20.1802 -20.1802 1 1 0
139.737 -20.1743 -20.1743 1 1 0
139.936 -20.1685 -20.1685 1 1 0
140.136 -20.1627 -20.1627 1 1 0
140.336 -20.1568 -20.1568 1 1 0
140.536 -20.151 -20.151 1 1 0
140.736 -20.1452 -20.1452 1 1 0
140.936 -20.1394 -20.1394 1 1 0
141.136 -20.1336 -20.1336 1 1 0
141.336 -20.1278 -20.1278 1 1 0
141.536 -20.122 -20.122 1 1 0
141.736 -20.1162 -20.1162 1 1 0
141.936 -20.1104 -20.1104 1 1 0
142.136 -20.1047 -20.1047 1 1 0
142.335 -20.0989 -20.0989 1 1 0
142.535 -20.0932 -20.0932 1 1 0
142.735 -20.0874 -20.0874 1 1 0
142.935 -20.0817 -20.0817 1 1 0
143.135 -20.076 -20.076 1 1 0
143.335 -20.0703 -20.0703 1 1 0
143.535 -20.0645 -20.0645 1 1 0
143.735 -20.0588 -20.0588 1 1 0
143.935 -20.0531 -20.0531 1 1 0
144.135 -20.0475 -20.0475 1 1 0
144.335 -20.0418 -20.0418 1 1 0
144.535 -20.0361 -20.0361 1 1 0
144.734 -20.0304 -20.0304 1 1 0
144.934 -20.0248 -20.0248 1 1 0
145.134 -20.0191 -20.0191 1 1 0
145.334 -20.0135 -20.0135 1 1 0
145.534 -20.0078 -20.0078 1 1 0
145.734 -20.0022 -20.0022 1 1 0
145.934 -19.9966 -19.9966 1 1 0
146.134 -19.991 -19.991 1 1 0
146.334 -19.9853 -19.9853 1 1 0
146.534 -19.9797 -19.9797 1 1 0
146.734 -19.9741 -19.9741 1 1 0
146.934 -19.9686 -19.9686 1 1 0
147.134 -19.963 -19.963 1 1 0
147.333 -19.9574 -19.9574 1 1 0
147.533 -19.9518 -19.9518 1 1 0
147.733 -19.9463 -19.9463 1 1 0
147.933 -19.9407 -19.9407 1 1 0
148.133 -19.9352 -19.9352 1 1 0
148.333 -19.9296 -19.9296 1 1 0
148.533 -19.9241 -19.9241 1 1 0
148.733 -19.9185 -19.9185 1 1 0
148.933 -19.913 -19.913 1 1 0
149.133 -19.9075 -19.9075 1 1 0
149.333 -19.902 -19.902 1 1 0
149.533 -19.8965 -19.8965 1 1 0
149.733 -19.891 -19.891 1 1 0
149.932 -19.8855 -19.8855 1 1 0
150.132 -19.88 -19.88 1 1 0
116.948 -20.8972 -20.8972 4 6 0
116.948 -20.8831 -20.9114 3 6 0
116.948 -20.8825 -20.912 3 6 0
116.948 -20.8259 -20.9685 3 6 0
116.947 -20.7126 -21.0815 3 6 0
116.941 -20.4856 -21.3068 3 6 0
116.929 -20.2012 -21.5871 3 6 0
116.909 -19.9165 -21.8658 3 6 0
116.884 -19.6317 -22.1426 3 6 0
116.853 -19.3472 -22.4172 3 6 0
116.815 -19.0631 -22.6894 3 6 0
116.771 -18.7798 -22.9589 3 6 0
116.722 -18.4975 -23.2258 3 6 0
116.667 -18.2162 -23.4897 3 6 0
116.607 -17.9363 -23.7507 3 6 0
116.542 -17.6579 -24.0085 3 6 0
116.472 -17.3812 -24.2633 3 6 0
116.397 -17.1062 -24.5148 3 6 0
116.318 -16.833 -24.7631 3 6 0
116.234 -16.5616 -25.0081 3 6 0
116.146 -16.2923 -25.25 3 6 0
116.055 -16.025 -25.4886 3 6 0
115.96 -15.7597 -25.7241 3 6 0
115.861 -15.4965 -25.9565 3 6 0
115.759 -15.2353 -26.1858 3 6 0
115.654 -14.9762 -26.4121 3 6 0
115.546 -14.7192 -26.6355 3 6 0
115.435 -14.4642 -26.856 3 6 0
115.321 -14.2113 -27.0737 3 6 0
115.205 -13.9603 -27.2886 3 6 0
115.087 -13.7113 -27.501 3 6 0
114.966 -13.4642 -27.7107 3 6 0
114.844 -13.219 -27.918 3 6 0
114.719 -12.9757 -28.1227 3 6 0
114.592 -12.7342 -28.3253 3 6 0
114.463 -12.4945 -28.5255 3 6 0
114.333 -12.2565 -28.7234 3 6 0
114.201 -12.0202 -28.9193 3 6 0
114.067 -11.7855 -29.1131 3 6 0
113.932 -11.5526 -29.3049 3 6 0
113.796 -11.3212 -29.4948 3 6 0
113.658 -11.0913 -29.6828 3 6 0
113.519 -10.8628 -29.869 3 6 0
113.378 -10.6359 -30.0534 3 6 0
113.237 -10.4103 -30.2363 3 6 0
113.094 -10.1862 -30.4174 3 6 0
112.95 -9.96342 -30.597 3 6 0
112.805 -9.74194 -30.7751 3 6 0
112.659 -9.52188 -30.9516 3 6 0
112.513 -9.30292 -31.1269 3 6 0
112.365 -9.08518 -31.3007 3 6 0
112.217 -8.86861 -31.4732 3 6 0
112.067 -8.65324 -31.6444 3 6 0
111.917 -8.43901 -31.8143 3 6 0
111.766 -8.22605 -31.9831 3 6 0
111.614 -8.01398 -32.1507 3 6 0
111.462 -7.80297 -32.317 3 6 0
111.309 -7.5929 -32.4825 3 6 0
111.155 -7.38394 -32.6468 3 6 0
111.001 -7.17597 -32.8101 3 6 0
110.846 -6.96905 -32.9725 3 6 0
110.691 -6.76295 -33.1338 3 6 0
110.535 -6.55777 -33.2942 3 6 0
110.378 -6.35347 -33.4538 3 6 0
110.221 -6.15007 -33.6124 3 6 0
110.063 -5.94752 -33.7703 3 6 0
109.905 -5.74583 -33.9273 3 6 0
109.746 -5.54495 -34.0834 3 6 0
109.587 -5.34488 -34.239 3 6 0
109.428 -5.14565 -34.3937 3 6 0
109.268 -4.94714 -34.5477 3 6 0
109.108 -4.7494 -34.7008 3 6 0
108.947 -4.55257 -34.8536 3 6 0
108.786 -4.35631 -35.0054 3 6 0
108.624 -4.16076 -35.1568 3 6 0
108.462 -3.96592 -35.3074 3 6 0
108.3 -3.77181 -35.4575 3 6 0
108.138 -3.57838 -35.6071 3 6 0
107.975 -3.38543 -35.7559 3 6 0
107.812 -3.19332 -35.9043 3 6 0
107.648 -3.00186 -36.0522 3 6 0
107.484 -2.81105 -36.1994 3 6 0
107.32 -2.62087 -36.3463 3 6 0
107.156 -2.43131 -36.4925 3 6 0
106.991 -2.24241 -36.6383 3 6 0
106.826 -2.05408 -36.7837 3 6 0
106.661 -1.86635 -36.9284 3 6 0
106.495 -1.67927 -37.0729 3 6 0
106.33 -1.49271 -37.2168 3 6 0
106.164 -1.30672 -37.3605 3 6 0
105.997 -1.12131 -37.5035 3 6 0
105.831 -0.936466 -37.6462 3 6 0
105.664 -0.752177 -37.7887 3 6 0
105.497 -0.568315 -37.9304 3 6 0
105.33 -0.385121 -38.0721 3 6 0
105.163 -0.202467 -38.2134 3 6 0
104.995 -0.0204248 -38.3542 3 6 0
104.827 0.161161 -38.4947 3 6 0
104.659 0.342221 -38.6347 3 6 0
104.491 0.522742 -38.7746 3 6 0
104.323 0.70276 -38.914 3 6 0
104.154 0.882263 -39.053 3 6 0
103.985 1.06119 -39.192 3 6 0
103.817 1.23967 -39.3303 3 6 0
103.647 1.41765 -39.4686 3 6 0
103.478 1.5952 -39.6064 3 6 0
103.309 1.77219 -39.744 3 6 0
103.139 1.94869 -39.8814 3 6 0
102.969 2.12476 -40.0182 3 6 0
102.799 2.30028 -40.155 3 6 0
102.629 2.47531 -40.2915 3 6 0
102.459 2.64966 -40.4275 3 6 0
102.288 2.8237 -40.5635 3 6 0
102.118 2.99727 -40.6992 3 6 0
101.947 3.17051 -40.8343 3 6 0
101.776 3.34313 -40.9695 3 6 0
101.605 3.51528 -41.1044 3 6 0
101.434 3.68688 -41.2388 3 6 0
101.262 3.85808 -41.3732 3 6 0
101.091 4.02881 -41.5072 3 6 0
100.919 4.19909 -41.641 3 6 0
100.747 4.36886 -41.7745 3 6 0
100.575 4.53816 -41.9077 3 6 0
100.403 4.70707 -42.0409 3 6 0
100.231 4.87545 -42.1737 3 6 0
100.059 5.04336 -42.306 3 6 0
99.8861 5.21087 -42.4385 3 6 0
99.7134 5.37784 -42.5705 3 6 0
99.5407 5.54434 -42.7021 3 6 0
99.3678 5.71039 -42.834 3 6 0
99.1947 5.87595 -42.9653 3 6 0
99.0215 6.04105 -43.0962 3 6 0
98.8482 6.20566 -43.2274 3 6 0
98.6748 6.36983 -43.358 3 6 0
98.5012 6.53353 -43.4882 3 6 0
98.3275 6.69678 -43.6186 3 6 0
98.1537 6.85955 -43.7484 3 6 0
97.9797 7.02185 -43.8779 3 6 0
97.8056 7.18366 -44.0076 3 6 0
97.6314 7.34502 -44.1367 3 6 0
97.4571 7.50591 -44.2655 3 6 0
97.2826 7.66628 -44.3946 3 6 0
97.108 7.82622 -44.523 3 6 0
96.9333 7.9857 -44.651 3 6 0
96.7585 8.14475 -44.7793 3 6 0
96.5835 8.3033 -44.9072 3 6 0
96.4084 8.46137 -45.0346 3 6 0
96.2332 8.61887 -45.162 3 6 0
96.0579 8.77598 -45.2891 3 6 0
95.8824 8.93262 -45.4159 3 6 0
95.7068 9.08882 -45.5425 3 6 0
95.5311 9.24451 -45.6689 3 6 0
95.3553 9.39972 -45.7949 3 6 0
95.1794 9.55459 -45.9206 3 6 0
95.0033 9.70886 -46.0464 3 6 0
94.8271 9.86266 -46.1719 3 6 0
94.6508 10.0157 -46.2965 3 6 0
94.4744 10.1686 -46.4216 3 6 0
94.2978 10.321 -46.5464 3 6 0
94.1212 10.4731 -46.6705 3 6 0
93.9444 10.6246 -46.7946 3 6 0
93.7675 10.7755 -46.9187 3 6 0
93.5905 10.9254 -47.0421 3 6 0
93.4133 11.0753 -47.1653 3 6 0
93.236 11.2248 -47.2887 3 6 0
93.0587 11.3744 -47.4117 3 6 0
92.8812 11.523 -47.5343 3 6 0
92.7035 11.671 -47.6565 3 6 0
92.5258 11.8184 -47.7786 3 6 0
92.3479 11.9655 -47.9006 3 6 0
92.17 12.112 -48.0221 3 6 0
91.9919 12.2581 -48.143 3 6 0
91.8137 12.4038 -48.2643 3 6 0
91.6353 12.5489 -48.3852 3 6 0
91.4569 12.6934 -48.5052 3 6 0
91.2783 12.8376 -48.6254 3 6 0
91.0997 12.9814 -48.7457 3 6 0
90.9209 13.125 -48.8655 3 6 0
90.742 13.2678 -48.9847 3 6 0
90.563 13.41 -49.1036 3 6 0
90.3838 13.5518 -49.2226 3 6 0
90.2046 13.6931 -49.3415 3 6 0
90.0252 13.8339 -49.4599 3 6 0
89.8457 13.974 -49.5776 3 6 0
89.6661 14.1139 -49.6952 3 6 0
89.4864 14.2532 -49.813 3 6 0
89.3066 14.3926 -49.9305 3 6 0
89.1267 14.531 -50.0473 3 6 0
88.9466 14.669 -50.1636 3 6 0
88.7665 14.8059 -50.2803 3 6 0
88.5862 14.943 -50.3966 3 6 0
88.4059 15.0795 -50.5125 3 6 0
88.2254 15.2158 -50.6269 3 6 0
88.0448 15.3514 -50.7427 3 6 0
87.8641 15.4864 -50.8581 3 6 0
87.6833 15.6209 -50.9729 3 6 0
87.5023 15.7551 -51.0875 3 6 0
87.3213 15.8888 -51.2016 3 6 0
87.1402 16.0224 -51.3152 3 6 0
86.9589 16.1551 -51.4284 3 6 0
86.7776 16.2874 -51.5418 3 6 0
86.5961 16.4189 -51.6554 3 6 0
86.4146 16.5503 -51.7682 3 6 0
86.2329 16.6812 -51.8806 3 6 0
86.0511 16.8116 -51.9923 3 6 0
85.8693 16.9416 -52.1045 3 6 0
85.6873 17.0711 -52.2163 3 6 0
85.5052 17.2003 -52.3276 3 6 0
85.323 17.3289 -52.4384 3 6 0
85.1407 17.4571 -52.5489 3 6 0
84.9583 17.5851 -52.6596 3 6 0
84.7759 17.7123 -52.7694 3 6 0
84.5933 17.8391 -52.8794 3 6 0
84.4106 17.9655 -52.9893 3 6 0
84.2278 18.0914 -53.0989 3 6 0
84.0449 18.2169 -53.2081 3 6 0
83.8619 18.3418 -53.3168 3 6 0
83.6789 18.4664 -53.4252 3 6 0
83.4957 18.5905 -53.5332 3 6 0
83.3124 18.7138 -53.6408 3 6 0
83.1291 18.8371 -53.7485 3 6 0
82.9456 18.9599 -53.8562 3 6 0
82.7621 19.0826 -53.9635 3 6 0
82.5784 19.2045 -54.0704 3 6 0
82.3947 19.326 -54.1769 3 6 0
82.2108 19.4467 -54.2829 3 6 0
82.0269 19.5673 -54.3885 3 6 0
81.8429 19.6875 -54.494 3 6 0
81.6588 19.8076 -54.5998 3 6 0
81.4746 19.927 -54.7052 3 6 0
81.2904 20.046 -54.8102 3 6 0
81.106 20.1644 -54.9148 3 6 0
80.9215 20.2825 -55.019 3 6 0
80.737 20.4002 -55.1228 3 6 0
80.5524 20.5181 -55.2262 3 6 0
80.3677 20.635 -55.3298 3 6 0
80.1829 20.7515 -55.4334 3 6 0
79.998 20.8675 -55.5365 3 6 0
79.813 20.9832 -55.6393 3 6 0
79.628 21.0985 -55.7416 3 6 0
79.4429 21.2135 -55.8436 3 6 0
79.2577 21.328 -55.9452 3 6 0
79.0724 21.4421 -56.0464 3 6 0
78.887 21.5552 -56.148 3 6 0
78.7016 21.6686 -56.2494 3 6 0
78.5161 21.7815 -56.3504 3 6 0
78.3305 21.8944 -56.4511 3 6 0
78.1448 22.0066 -56.5513 3 6 0
77.959 22.1184 -56.6511 3 6 0
77.7732 22.2294 -56.7503 3 6 0
77.5873 22.3405 -56.8502 3 6 0
77.4013 22.4512 -56.9497 3 6 0
77.2153 22.5621 -57.0489 3 6 0
77.0292 22.672 -57.1475 3 6 0
76.843 22.7816 -57.2458 3 6 0
76.6567 22.8907 -57.3435 3 6 0
76.4704 22.9995 -57.4418 3 6 0
76.284 23.1079 -57.5398 3 6 0
76.0975 23.2157 -57.6374 3 6 0
75.9109 23.3235 -57.7346 3 6 0
75.7243 23.4309 -57.8314 3 6 0
75.5376 23.5384 -57.9277 3 6 0
75.3509 23.6451 -58.0238 3 6 0
75.1641 23.7514 -58.1204 3 6 0
74.9772 23.8571 -58.2168 3 6 0
74.7903 23.9628 -58.3126 3 6 0
74.6033 24.0681 -58.4081 3 6 0
74.4162 24.1726 -58.5031 3 6 0
74.229 24.2772 -58.5978 3 6 0
74.0419 24.3815 -58.6923 3 6 0
73.8546 24.4862 -58.7874 3 6 0
73.6673 24.5898 -58.8819 3 6 0
73.4799 24.6932 -58.976 3 6 0
73.2925 24.7958 -59.0697 3 6 0
73.105 24.8985 -59.1631 3 6 0
72.9174 25.0008 -59.2561 3 6 0
72.7298 25.1028 -59.3495 3 6 0
72.5421 25.2045 -59.4426 3 6 0
72.3544 25.3058 -59.5354 3 6 0
72.1666 25.4073 -59.6278 3 6 0
71.9788 25.5081 -59.7198 3 6 0
71.7909 25.6086 -59.8115 3 6 0
71.6029 25.7088 -59.9033 3 6 0
71.4149 25.8087 -59.9951 3 6 0
71.2269 25.9082 -60.0865 3 6 0
71.0387 26.0073 -60.1776 3 6 0
70.8506 26.1063 -60.2684 3 6 0
70.6624 26.2049 -60.3588 3 6 0
70.4741 26.3034 -60.4488 3 6 0
70.2858 26.4015 -60.5393 3 6 0
70.0974 26.4993 -60.6296 3 6 0
69.909 26.5963 -60.7196 3 6 0
69.7206 26.6934 -60.8091 3 6 0
69.532 26.7903 -60.8984 3 6 0
69.3435 26.8874 -60.9872 3 6 0
69.1549 26.9838 -61.0758 3 6 0
68.9662 27.0798 -61.1649 3 6 0
68.7775 27.1758 -61.2537 3 6 0
68.5888 27.2713 -61.3421 3 6 0
68.4 27.3666 -61.4302 3 6 0
68.2112 27.4616 -61.518 3 6 0
68.0223 27.5563 -61.6054 3 6 0
67.8334 27.6508 -61.6926 3 6 0
67.6444 27.7443 -61.7803 3 6 0
67.4554 27.8382 -61.8676 3 6 0
67.2664 27.9318 -61.9546 3 6 0
67.0773 28.0249 -62.0413 3 6 0
66.8882 28.1181 -62.1276 3 6 0
66.699 28.211 -62.2136 3 6 0
66.5098 28.3043 -62.2998 3 6 0
66.3206 28.3967 -62.386 3 6 0
66.1313 28.4888 -62.4719 3 6 0
65.942 28.5799 -62.5574 3 6 0
65.7526 28.6715 -62.6427 3 6 0
65.5632 28.7629 -62.7276 3 6 0
65.3738 28.8544 -62.8122 3 6 0
65.1843 28.9453 -62.8973 3 6 0
64.9948 29.0359 -62.9821 3 6 0
64.8053 29.1272 -63.0667 3 6 0
64.6157 29.2174 -63.151 3 6 0
64.4261 29.3073 -63.235 3 6 0
64.2365 29.397 -63.3187 3 6 0
64.0468 29.4865 -63.4021 3 6 0
63.8571 29.5758 -63.4856 3 6 0
63.6674 29.6644 -63.5693 3 6 0
63.4776 29.7532 -63.6526 3 6 0
63.2878 29.8418 -63.7356 3 6 0
63.098 29.9304 -63.8184 3 6 0
62.9081 30.0185 -63.9008 3 6 0
62.7182 30.1064 -63.983 3 6 0
62.5283 30.1938 -64.0654 3 6 0
62.3384 30.2812 -64.1478 3 6 0
62.1484 30.3685 -64.2299 3 6 0
61.9584 30.4559 -64.3117 3 6 0
61.7684 30.5428 -64.3932 3 6 0
61.5783 30.6295 -64.4745 3 6 0
61.3882 30.7161 -64.5555 3 6 0
61.1981 30.8023 -64.6367 3 6 0
61.008 30.8883 -64.7179 3 6 0
60.8178 30.9735 -64.7989 3 6 0
60.6276 31.0591 -64.8796 3 6 0
60.4374 31.1444 -64.9599 3 6 0
60.2472 31.2302 -65.0401 3 6 0
60.0569 31.3151 -65.12 3 6 0
59.8667 31.3999 -65.1998 3 6 0
59.6764 31.4844 -65.2801 3 6 0
59.486 31.5688 -65.3599 3 6 0
59.2957 31.6531 -65.4395 3 6 0
59.1053 31.7374 -65.5189 3 6 0
58.9149 31.8213 -65.5979 3 6 0
58.7245 31.9049 -65.6768 3 6 0
58.5341 31.9878 -65.7555 3 6 0
58.3437 32.0711 -65.8346 3 6 0
58.1532 32.1541 -65.9134 3 6 0
57.9627 32.2376 -65.9919 3 6 0
57.7722 32.3203 -66.0703 3 6 0
57.5817 32.4028 -66.1483 3 6 0
57.3911 32.4853 -66.2261 3 6 0
57.2006 32.5676 -66.3036 3 6 0
57.01 32.6496 -66.3817 3 6 0
56.8194 32.7313 -66.4596 3 6 0
56.6288 32.8129 -66.5371 3 6 0
56.4382 32.8944 -66.6144 3 6 0
56.2476 32.9749 -66.6915 3 6 0
56.0569 33.056 -66.7683 3 6 0
55.8663 33.137 -66.8448 3 6 0
55.6756 33.2183 -66.922 3 6 0
55.4849 33.299 -66.9988 3 6 0
55.2942 33.3794 -67.0753 3 6 0
55.1035 33.4599 -67.1516 3 6 0
54.9128 33.5401 -67.2277 3 6 0
54.7221 33.6202 -67.3035 3 6 0
54.5313 33.6998 -67.3792 3 6 0
54.3406 33.7795 -67.4553 3 6 0
54.1498 33.859 -67.5312 3 6 0
53.959 33.9392 -67.6068 3 6 0
53.7683 34.0185 -67.6823 3 6 0
53.5775 34.0975 -67.7575 3 6 0
53.3867 34.1751 -67.8325 3 6 0
53.1959 34.2539 -67.9073 3 6 0
53.0051 34.3325 -67.982 3 6 0
52.8142 34.4108 -68.0571 3 6 0
52.6234 34.4891 -68.1319 3 6 0
52.4326 34.5672 -68.2066 3 6 0
52.2418 34.6457 -68.2809 3 6 0
52.0509 34.7236 -68.3551 3 6 0
51.8601 34.8013 -68.429 3 6 0
51.6692 34.8791 -68.5028 3 6 0
51.4784 34.9566 -68.577 3 6 0
51.2875 35.0338 -68.651 3 6 0
51.0967 35.1105 -68.7247 3 6 0
50.9058 35.1876 -68.7983 3 6 0
50.715 35.2645 -68.8716 3 6 0
50.5241 35.3425 -68.9446 3 6 0
50.3333 35.4191 -69.0175 3 6 0
50.1424 35.4956 -69.0909 3 6 0
49.9516 35.5718 -69.164 3 6 0
49.7607 35.648 -69.237 3 6 0
49.5699 35.7241 -69.3097 3 6 0
49.379 35.8002 -69.3822 3 6 0
49.1882 35.876 -69.4545 3 6 0
48.9973 35.9517 -69.5265 3 6 0
48.8065 36.0266 -69.5989 3 6 0
48.6157 36.102 -69.6714 3 6 0
48.4248 36.1773 -69.7436 3 6 0
48.234 36.252 -69.8156 3 6 0
48.0432 36.327 -69.8874 3 6 0
47.8524 36.402 -69.9588 3 6 0
47.6616 36.4765 -70.0302 3 6 0
47.4708 36.5512 -70.1018 3 6 0
47.28 36.6258 -70.1735 3 6 0
47.0893 36.7003 -70.2449 3 6 0
46.8985 36.7746 -70.3161 3 6 0
46.7078 36.8489 -70.3871 3 6 0
46.517 36.9239 -70.4581 3 6 0
46.3263 36.9979 -70.5287 3 6 0
46.1356 37.0717 -70.5991 3 6 0
45.9449 37.1452 -70.6699 3 6 0
45.7542 37.2189 -70.7408 3 6 0
45.5635 37.2923 -70.8114 3 6 0
45.3729 37.3629 -70.8818 3 6 0
45.1822 37.4361 -70.9519 3 6 0
44.9916 37.5092 -71.0218 3 6 0
44.801 37.5854 -71.0918 3 6 0
44.6104 37.6583 -71.1616 3 6 0
44.4198 37.7312 -71.2318 3 6 0
44.2293 37.8036 -71.3016 3 6 0
44.0388 37.8762 -71.3714 3 6 0
43.8483 37.9487 -71.4409 3 6 0
43.6578 38.0206 -71.5102 3 6 0
43.4673 38.0929 -71.5793 3 6 0
43.2769 38.1651 -71.6486 3 6 0
43.0865 38.2368 -71.7178 3 6 0
42.8961 38.3088 -71.7871 3 6 0
42.7057 38.3807 -71.8562 3 6 0
42.5154 38.454 -71.9251 3 6 0
42.3251 38.5257 -71.9938 3 6 0
42.1348 38.5972 -72.0622 3 6 0
41.9446 38.6678 -72.1307 3 6 0
41.7544 38.7392 -72.1992 3 6 0
41.5642 38.8105 -72.268 3 6 0
41.3741 38.8819 -72.3363 3 6 0
41.1839 38.953 -72.4046 3 6 0
40.9939 39.024 -72.4727 3 6 0
40.8038 39.0953 -72.5406 3 6 0
40.6138 39.1661 -72.6082 3 6 0
40.4239 39.2369 -72.6763 3 6 0
40.2339 39.3068 -72.7443 3 6 0
40.044 39.3774 -72.8121 3 6 0
39.8542 39.4478 -72.8796 3 6 0
39.6644 39.518 -72.9471 3 6 0
39.4747 39.5882 -73.0143 3 6 0
39.2849 39.6584 -73.0813 3 6 0
39.0953 39.7294 -73.1487 3 6 0
38.9057 39.7994 -73.2158 3 6 0
38.7161 39.8692 -73.2832 3 6 0
38.5266 39.939 -73.3502 3 6 0
38.3371 40.0086 -73.4172 3 6 0
38.1477 40.0782 -73.4839 3 6 0
37.9584 40.1477 -73.5505 3 6 0
37.7691 40.2171 -73.6168 3 6 0
37.5798 40.2864 -73.6836 3 6 0
37.3907 40.3543 -73.75 3 6 0
37.2015 40.4234 -73.8166 3 6 0
37.0125 40.4923 -73.8829 3 6 0
36.8235 40.5623 -73.9491 3 6 0
36.6346 40.6312 -74.015 3 6 0
36.4457 40.7 -74.0806 3 6 0
36.2569 40.7677 -74.1467 3 6 0
36.0682 40.8364 -74.2127 3 6 0
35.8796 40.905 -74.2787 3 6 0
35.691 40.9732 -74.3444 3 6 0
35.5025 41.0414 -74.41 3 6 0
35.3141 41.1095 -74.4754 3 6 0
35.1258 41.178 -74.5408 3 6 0
34.9376 41.246 -74.6057 3 6 0
34.7494 41.3138 -74.6713 3 6 0
34.5613 41.3802 -74.7365 3 6 0
34.3733 41.4482 -74.8017 3 6 0
34.1855 41.5161 -74.8666 3 6 0
33.9977 41.5864 -74.9315 3 6 0
33.81 41.6539 -74.9959 3 6 0
33.6224 41.7213 -75.0609 3 6 0
33.4349 41.7888 -75.1255 3 6 0
33.2475 41.8561 -75.1903 3 6 0
33.0602 41.9233 -75.2547 3 6 0
32.8731 41.9884 -75.3191 3 6 0
32.686 42.0556 -75.383 3 6 0
32.4991 42.1227 -75.4473 3 6 0
32.3123 42.1898 -75.5111 3 6 0
32.1256 42.2567 -75.5756 3 6 0
31.939 42.3236 -75.6397 3 6 0
31.7526 42.39 -75.7035 3 6 0
31.5662 42.4567 -75.7671 3 6 0
31.3801 42.5232 -75.8304 3 6 0
31.194 42.5903 -75.8941 3 6 0
31.0082 42.6566 -75.9575 3 6 0
30.8224 42.7227 -76.0213 3 6 0
30.6368 42.7887 -76.0845 3 6 0
30.4514 42.8547 -76.1478 3 6 0
30.2661 42.9205 -76.2106 3 6 0
30.081 42.986 -76.2736 3 6 0
29.896 43.0518 -76.3363 3 6 0
29.7113 43.1174 -76.3995 3 6 0
29.5267 43.183 -76.4622 3 6 0
29.3422 43.2483 -76.5249 3 6 0
29.158 43.3135 -76.587 3 6 0
28.974 43.3759 -76.6496 3 6 0
28.7901 43.4405 -76.7116 3 6 0
28.6064 43.5049 -76.7743 3 6 0
28.423 43.5728 -76.8362 3 6 0
28.2398 43.6372 -76.8984 3 6 0
28.0567 43.7015 -76.9601 3 6 0
27.8739 43.7658 -77.0221 3 6 0
27.6914 43.8305 -77.0833 3 6 0
27.509 43.8952 -77.1451 3 6 0
27.3269 43.9578 -77.2065 3 6 0
27.1451 44.0224 -77.2681 3 6 0
26.9635 44.0868 -77.3291 3 6 0
26.7822 44.1502 -77.3904 3 6 0
26.6011 44.2133 -77.4508 3 6 0
26.4203 44.2763 -77.5122 3 6 0
26.2398 44.3399 -77.5728 3 6 0
26.0595 44.4036 -77.6336 3 6 0
25.8796 44.4674 -77.6937 3 6 0
25.7 44.5309 -77.7543 3 6 0
25.5206 44.5944 -77.8144 3 6 0
25.3416 44.6576 -77.8748 3 6 0
25.163 44.7211 -77.9345 3 6 0
24.9846 44.7838 -77.9946 3 6 0
24.8066 44.8462 -78.054 3 6 0
24.629 44.9072 -78.1138 3 6 0
24.4517 44.9687 -78.1727 3 6 0
24.2748 45.0299 -78.2325 3 6 0
24.0983 45.0943 -78.291 3 6 0
23.9222 45.1559 -78.3506 3 6 0
23.7465 45.2172 -78.4093 3 6 0
23.5711 45.2756 -78.4681 3 6 0
23.3963 45.3357 -78.5262 3 6 0
23.2218 45.3964 -78.5847 3 6 0
23.0478 45.4603 -78.6426 3 6 0
22.8743 45.5215 -78.701 3 6 0
22.7012 45.5824 -78.7585 3 6 0
22.5286 45.6423 -78.8165 3 6 0
22.3565 45.7028 -78.8735 3 6 0
22.1849 45.7629 -78.9311 3 6 0
22.0138 45.8209 -78.9876 3 6 0
21.8433 45.8811 -79.0451 3 6 0
21.6733 45.9409 -79.1015 3 6 0
21.5038 46.0003 -79.1582 3 6 0
21.335 46.0589 -79.2144 3 6 0
21.1667 46.117 -79.2704 3 6 0
20.999 46.1754 -79.3261 3 6 0
20.8319 46.234 -79.3821 3 6 0
20.6655 46.292 -79.4373 3 6 0
20.4997 46.3488 -79.4928 3 6 0
20.3345 46.4052 -79.5473 3 6 0
20.17 46.4612 -79.6024 3 6 0
20.0063 46.5208 -79.6565 3 6 0
19.8432 46.5767 -79.7112 3 6 0
19.6808 46.632 -79.7646 3 6 0
19.5192 46.688 -79.8188 3 6 0
19.3583 46.7424 -79.8719 3 6 0
19.1982 46.7993 -79.9255 3 6 0
19.0389 46.8563 -79.978 3 6 0
18.8804 46.9108 -80.0311 3 6 0
18.7227 46.9645 -80.083 3 6 0
18.5658 47.0194 -80.1355 3 6 0
18.4098 47.0737 -80.1868 3 6 0
18.2547 47.1272 -80.2388 3 6 0
18.1004 47.18 -80.2896 3 6 0
17.9471 47.2333 -80.3407 3 6 0
17.7946 47.2857 -80.3911 3 6 0
17.6431 47.335 -80.4415 3 6 0
17.4925 47.3874 -80.4912 3 6 0
17.3429 47.4402 -80.5409 3 6 0
17.1943 47.491 -80.59 3 6 0
17.0467 47.5399 -80.639 3 6 0
16.9001 47.5903 -80.6875 3 6 0
16.7545 47.6407 -80.7356 3 6 0
16.61 47.6885 -80.7836 3 6 0
16.4665 47.7396 -80.8306 3 6 0
16.3241 47.7895 -80.8781 3 6 0
16.1828 47.838 -80.9244 3 6 0
16.0426 47.8852 -80.9711 3 6 0
15.9035 47.9319 -81.0165 3 6 0
15.7656 47.9767 -81.0625 3 6 0
15.6288 48.0226 -81.1075 3 6 0
15.4931 48.0718 -81.1524 3 6 0
15.3586 48.1159 -81.1965 3 6 0
15.2253 48.1583 -81.2403 3 6 0
15.0932 48.2069 -81.284 3 6 0
14.9623 48.2502 -81.3267 3 6 0
14.8327 48.2917 -81.3698 3 6 0
14.7042 48.3372 -81.4117 3 6 0
14.577 48.3785 -81.4538 3 6 0
14.451 48.4191 -81.4948 3 6 0
14.3263 48.4604 -81.536 3 6 0
14.2028 48.5033 -81.5763 3 6 0
14.0806 48.5446 -81.6162 3 6 0
13.9596 48.5835 -81.6557 3 6 0
13.84 48.6238 -81.6949 3 6 0
13.7216 48.6621 -81.7338 3 6 0
13.6045 48.6992 -81.7718 3 6 0
13.4887 48.7364 -81.8097 3 6 0
13.3742 48.7755 -81.8468 3 6 0
13.261 48.812 -81.8838 3 6 0
13.149 48.8458 -81.9199 3 6 0
13.0384 48.8828 -81.9556 3 6 0
12.9291 48.9189 -81.9911 3 6 0
12.821 48.9516 -82.026 3 6 0
12.7143 48.9854 -82.0608 3 6 0
12.6089 49.0187 -82.0947 3 6 0
12.5047 49.0531 -82.1282 3 6 0
12.4019 49.0849 -82.1609 3 6 0
12.3003 49.1169 -82.1939 3 6 0
12.2 49.1472 -82.2257 3 6 0
12.101 49.1748 -82.2572 3 6 0
12.0033 49.207 -82.2882 3 6 0
11.9069 49.2342 -82.3192 3 6 0
11.8117 49.2656 -82.3496 3 6 0
11.7177 49.2927 -82.3794 3 6 0
11.6251 49.3194 -82.4085 3 6 0
11.5336 49.3485 -82.4368 3 6 0
11.4434 49.375 -82.4655 3 6 0
11.3545 49.3986 -82.4936 3 6 0
11.2668 49.4244 -82.5209 3 6 0
11.1802 49.4506 -82.5474 3 6 0
11.0949 49.4723 -82.5742 3 6 0
11.0108 49.4968 -82.6004 3 6 0
10.9279 49.5201 -82.6254 3 6 0
10.8461 49.5434 -82.6509 3 6 0
10.7655 49.5629 -82.6756 3 6 0
10.6861 49.5863 -82.6997 3 6 0
10.6078 49.6058 -82.7235 3 6 0
10.5307 49.6237 -82.7466 3 6 0
10.4547 49.6443 -82.7692 3 6 0
10.3798 49.6634 -82.7915 3 6 0
10.306 49.6835 -82.8137 3 6 0
10.2333 49.701 -82.8351 3 6 0
10.1617 49.7151 -82.8558 3 6 0
10.0911 49.7337 -82.8767 3 6 0
10.0216 49.7499 -82.8966 3 6 0
9.95319 49.7627 -82.9167 3 6 0
9.88579 49.7809 -82.9362 3 6 0
9.81941 49.794 -82.9544 3 6 0
9.75404 49.8092 -82.9732 3 6 0
9.68968 49.8197 -82.9914 3 6 0
9.62631 49.8321 -83.0086 3 6 0
9.56392 49.8467 -83.0261 3 6 0
9.50249 49.8576 -83.043 3 6 0
9.44202 49.8674 -83.0591 3 6 0
9.38249 49.8796 -83.0751 3 6 0
9.32389 49.8868 -83.0907 3 6 0
9.26622 49.8982 -83.1057 3 6 0
9.20945 49.9028 -83.1204 3 6 0
9.15359 49.9149 -83.1346 3 6 0
9.09861 49.9218 -83.1485 3 6 0
9.0445 49.9282 -83.162 3 6 0
8.99126 49.9359 -83.1749 3 6 0
8.93887 49.9409 -83.1876 3 6 0
8.88732 49.9465 -83.1999 3 6 0
8.83661 49.9485 -83.2117 3 6 0
8.78672 49.9526 -83.2231 3 6 0
8.73763 49.9583 -83.2342 3 6 0
8.68935 49.9617 -83.2448 3 6 0
8.64185 49.9608 -83.2548 3 6 0
8.59513 49.9662 -83.2644 3 6 0
8.54918 49.9656 -83.2739 3 6 0
8.50399 49.9666 -83.2829 3 6 0
8.45954 49.9667 -83.2916 3 6 0
8.41583 49.9674 -83.3001 3 6 0
8.37285 49.9633 -83.3081 3 6 0
8.33059 49.9648 -83.3154 3 6 0
8.28904 49.9597 -83.3223 3 6 0
8.24819 49.955 -83.3291 3 6 0
8.20803 49.956 -83.3353 3 6 0
8.16855 49.9501 -83.3414 3 6 0
8.12974 49.9461 -83.3472 3 6 0
8.0916 49.9401 -83.3524 3 6 0
8.0541 49.9361 -83.3573 3 6 0
8.01726 49.9264 -83.3612 3 6 0
7.98105 49.9226 -83.365 3 6 0
7.94547 49.9112 -83.3688 3 6 0
7.91052 49.9012 -83.3723 3 6 0
7.87617 49.8971 -83.3752 3 6 0
7.84243 49.8859 -83.3776 3 6 0
7.80929 49.8774 -83.3795 3 6 0
7.77673 49.8617 -83.3812 3 6 0
7.74476 49.8548 -83.3824 3 6 0
7.71336 49.8425 -83.3828 3 6 0
7.68253 49.8273 -83.3831 3 6 0
7.65225 49.815 -83.383 3 6 0
7.62253 49.8003 -83.3829 3 6 0
7.59336 49.785 -83.382 3 6 0
7.56472 49.7707 -83.3806 3 6 0
7.53662 49.7508 -83.3789 3 6 0
7.50904 49.7375 -83.3767 3 6 0
7.48198 49.7172 -83.3744 3 6 0
7.45543 49.6984 -83.3719 3 6 0
7.42939 49.6818 -83.3686 3 6 0
7.40385 49.6579 -83.3648 3 6 0
7.37881 49.6403 -83.3606 3 6 0
7.35425 49.6175 -83.3559 3 6 0
7.33018 49.5965 -83.3508 3 6 0
7.30658 49.5702 -83.3452 3 6 0
7.28345 49.5497 -83.3392 3 6 0
7.2608 49.5212 -83.3327 3 6 0
7.2386 49.4955 -83.3258 3 6 0
7.21686 49.4727 -83.3185 3 6 0
7.19557 49.4417 -83.3107 3 6 0
7.17472 49.4162 -83.3023 3 6 0
7.15432 49.3859 -83.2934 3 6 0
7.13436 49.3573 -83.284 3 6 0
7.11482 49.3226 -83.2744 3 6 0
7.09572 49.2946 -83.2641 3 6 0
7.07704 49.2583 -83.2532 3 6 0
7.05877 49.2276 -83.2419 3 6 0
7.04093 49.1884 -83.23 3 6 0
7.02349 49.1567 -83.2176 3 6 0
7.00646 49.1161 -83.2043 3 6 0
6.98984 49.0815 -83.1908 3 6 0
6.97361 49.0385 -83.1767 3 6 0
6.95778 48.9983 -83.1621 3 6 0
6.94235 48.96 -83.1469 3 6 0
6.9273 48.916 -83.131 3 6 0
6.91264 48.8691 -83.1147 3 6 0
6.89836 48.8285 -83.0977 3 6 0
6.88446 48.7777 -83.08 3 6 0
6.87094 48.7341 -83.0614 3 6 0
6.85779 48.6807 -83.0425 3 6 0
6.84502 48.6348 -83.0227 3 6 0
6.83261 48.5787 -83.0023 3 6 0
6.82057 48.5295 -82.9813 3 6 0
6.80889 48.4733 -82.9595 3 6 0
6.79758 48.4186 -82.9366 3 6 0
6.78662 48.3574 -82.9133 3 6 0
6.77602 48.3005 -82.8892 3 6 0
6.76577 48.2368 -82.8647 3 6 0
6.75588 48.1764 -82.839 3 6 0
6.74633 48.1119 -82.8125 3 6 0
6.73714 48.0431 -82.7849 3 6 0
6.72829 47.977 -82.7567 3 6 0
6.71978 47.9072 -82.7277 3 6 0
6.71162 47.8357 -82.6977 3 6 0
6.70379 47.7573 -82.6667 3 6 0
6.69631 47.6844 -82.6347 3 6 0
6.68917 47.6042 -82.6017 3 6 0
6.68235 47.5259 -82.5677 3 6 0
6.67588 47.44 -82.5327 3 6 0
6.66973 47.3572 -82.4958 3 6 0
6.66392 47.2661 -82.4585 3 6 0
6.65843 47.1769 -82.4201 3 6 0
6.65327 47.0853 -82.381 3 6 0
6.64843 46.986 -82.3401 3 6 0
6.64391 46.8887 -82.2979 3 6 0
6.63971 46.7885 -82.254 3 6 0
6.63583 46.6804 -82.209 3 6 0
6.63226 46.5735 -82.1626 3 6 0
6.629 46.4634 -82.115 3 6 0
6.62605 46.3446 -82.0657 3 6 0
6.6234 46.2296 -82.0147 3 6 0
6.62105 46.1085 -81.963 3 6 0
6.61899 45.983 -81.9089 3 6 0
6.61722 45.851 -81.8531 3 6 0
6.61574 45.7171 -81.7958 3 6 0
6.61453 45.5769 -81.7365 3 6 0
6.6136 45.4379 -81.6752 3 6 0
6.61293 45.2902 -81.612 3 6 0
6.61251 45.1394 -81.5468 3 6 0
6.61234 44.9821 -81.4794 3 6 0
6.61234 44.946 -81.4652 3 6 0
6.61245 44.785 -81.3957 4 6 0
6.61279 44.6187 -81.324 4 6 0
6.61335 44.4414 -81.2503 4 6 0
6.61412 44.2662 -81.1739 4 6 0
6.61507 44.0823 -81.0951 4 6 0
6.61621 43.8905 -81.0135 4 6 0
6.61752 43.6954 -80.9302 4 6 0
6.61898 43.4927 -80.8442 4 6 0
6.62058 43.2833 -80.7556 4 6 0
6.62232 43.0667 -80.6643 4 6 0
6.62418 42.8428 -80.5704 4 6 0
6.62614 42.6155 -80.4742 4 6 0
6.6282 42.3845 -80.375 4 6 0
6.63035 42.145 -80.2732 4 6 0
6.63256 41.8975 -80.1692 4 6 0
6.63484 41.6428 -80.0628 4 6 0
6.63718 41.3789 -79.9537 4 6 0
6.63956 41.117 -79.8415 4 6 0
6.64198 40.8458 -79.7277 4 6 0
6.64443 40.5666 -79.6115 4 6 0
6.64691 40.2827 -79.493 4 6 0
6.6494 39.9949 -79.3722 4 6 0
6.65191 39.7012 -79.2493 4 6 0
6.65442 39.401 -79.125 4 6 0
6.65693 39.0943 -78.9987 4 6 0
6.65943 38.7922 -78.8708 4 6 0
6.66193 38.483 -78.7427 4 6 0
6.66441 38.1722 -78.6129 4 6 0
6.66687 37.8584 -78.4823 4 6 0
6.66931 37.5428 -78.3512 4 6 0
6.67171 37.2244 -78.2204 4 6 0
6.67408 36.9086 -78.0898 4 6 0
6.67642 36.5967 -77.9593 4 6 0
6.6787 36.2836 -77.8296 4 6 0
6.68094 35.9714 -77.7007 4 6 0
6.68313 35.6646 -77.5735 4 6 0
6.68527 35.3584 -77.448 4 6 0
6.68734 35.0562 -77.3241 4 6 0
6.68936 34.7647 -77.2019 4 6 0
6.69131 34.4725 -77.0833 4 6 0
6.6932 34.1911 -76.9672 4 6 0
6.69502 33.9117 -76.8535 4 6 0
6.69678 33.6465 -76.7434 4 6 0
6.69846 33.3861 -76.636 4 6 0
6.70008 33.1323 -76.5319 4 6 0
6.70163 32.8867 -76.4322 4 6 0
6.70311 32.6474 -76.3355 4 6 0
6.70452 32.4178 -76.2427 4 6 0
6.70586 32.2003 -76.1532 4 6 0
6.70714 31.9913 -76.0677 4 6 0
6.70836 31.7895 -75.9856 4 6 0
6.70951 31.5952 -75.9082 4 6 0
6.7106 31.4071 -75.8336 4 6 0
6.71163 31.2364 -75.7627 4 6 0
6.7126 31.0695 -75.6962 4 6 0
6.71352 30.9063 -75.632 4 6 0
6.71438 30.7597 -75.5724 4 6 0
6.71519 30.6156 -75.5151 4 6 0
6.71596 30.4847 -75.4623 4 6 0
6.71667 30.3601 -75.4112 4 6 0
6.71733 30.2415 -75.3648 4 6 0
6.71796 30.1287 -75.3203 4 6 0
6.71854 30.023 -75.2792 4 6 0
6.71907 29.9263 -75.2407 4 6 0
6.71957 29.838 -75.2041 4 6 0
6.72004 29.7525 -75.1707 4 6 0
6.72046 29.6723 -75.1407 4 6 0
6.72086 29.6027 -75.1125 4 6 0
6.72122 29.5352 -75.0857 4 6 0
6.72155 29.474 -75.0615 4 6 0
6.72185 29.4201 -75.04 4 6 0
6.72213 29.3692 -75.0203 4 6 0
6.72238 29.3214 -75.002 4 6 0
6.7226 29.279 -74.9853 4 6 0
6.7228 29.242 -74.9709 4 6 0
6.72298 29.2072 -74.9576 4 6 0
6.72315 29.1796 -74.9457 4 6 0
6.72329 29.1525 -74.935 4 6 0
6.72342 29.1266 -74.9258 4 6 0
6.72353 29.1064 -74.9176 4 6 0
6.72362 29.0913 -74.9108 4 6 0
6.72371 29.0759 -74.9046 4 6 0
6.72378 29.0628 -74.8993 4 6 0
6.72384 29.0502 -74.8946 4 6 0
6.72389 29.0396 -74.8905 4 6 0
6.72393 29.0307 -74.8874 4 6 0
6.72397 29.0284 -74.8853 4 6 0
6.724 29.0229 -74.8832 4 6 0
6.72402 29.0184 -74.8809 4 6 0
6.72404 29.0102 -74.88 4 6 0
6.72406 29.0086 -74.8788 4 6 0
6.72407 29.0078 -74.8774 4 6 0
6.72408 29.0051 -74.8774 4 6 0
6.72408 29.0053 -74.876 4 6 0
6.72409 29.0053 -74.8765 4 6 0
6.72409 29.0026 -74.8762 4 6 0
6.7241 29.0001 -74.8751 4 6 0
6.7241 29.0028 -74.8757 4 6 0
6.7241 29.003 -74.8755 4 6 0
6.7241 28.9986 -74.8746 4 6 0
6.7241 29 -74.8754 4 6 0
6.7241 29.0026 -74.875 4 6 0
6.7241 29.0033 -74.8753 4 6 0
6.7241 28.9983 -74.8754 4 6 0
6.7241 28.9994 -74.8752 4 6 0
6.7241 29.0018 -74.8756 4 6 0
6.7241 29.0029 -74.8756 4 6 0
6.7241 29.0025 -74.8748 4 6 0
6.7241 29.0009 -74.8749 4 6 0
6.7241 29.002 -74.8756 4 6 0
6.7241 28.9979 -74.8753 4 6 0
6.7241 29.0034 -74.8755 4 6 0
6.7241 28.9961 -74.8752 4 6 0
6.7241 29.0034 -74.8749 4 6 0
6.7241 28.9963 -74.8754 4 6 0
6.7241 29.0034 -74.8756 4 6 0
6.7241 28.9988 -74.8751 4 6 0
6.7241 29.0015 -74.8748 4 6 0
6.7241 29.0036 -74.8749 4 6 0
6.7241 28.9985 -74.8756 4 6 0
6.7241 28.998 -74.8754 4 6 0
6.7241 28.9991 -74.8748 4 6 0
6.7241 29.0034 -74.875 4 6 0
6.7241 29.0019 -74.8756 4 6 0
6.7241 28.9988 -74.8756 4 6 0
6.7241 29.0022 -74.8751 4 6 0
6.7241 28.9991 -74.8756 4 6 0
6.7241 29.0035 -74.875 4 6 0
6.7241 29.0034 -74.8753 4 6 0
6.7241 29.0035 -74.8747 4 6 0
6.7241 28.9998 -74.8751 4 6 0
6.7241 29.0017 -74.875 4 6 0
6.7241 29.0003 -74.8754 4 6 0
6.7241 29.0002 -74.8756 4 6 0
6.7241 28.9974 -74.8746 4 6 0
6.7241 29.0032 -74.8748 4 6 0
6.7241 29.0026 -74.8753 4 6 0
6.7241 29.0028 -74.8753 4 6 0
6.7241 29.0018 -74.8747 4 6 0
6.7241 29.0018 -74.8741 4 6 0
6.7241 29.0033 -74.8756 4 6 0
6.7241 28.9991 -74.8756 4 6 0
6.7241 29.0014 -74.8752 4 6 0
6.7241 29.0024 -74.8754 4 6 0
6.7241 29.0036 -74.8751 4 6 0
6.7241 29.0035 -74.8755 4 6 0
6.7241 29.0019 -74.8745 4 6 0
6.7241 29.0009 -74.8738 4 6 0
6.7241 28.9928 -74.8756 4 6 0
6.7241 29.0036 -74.8743 4 6 0
6.7241 28.9978 -74.875 4 6 0
6.7241 28.9983 -74.8753 4 6 0
6.7241 28.9996 -74.8752 4 6 0
6.7241 28.9996 -74.8752 4 6 0
6.7241 29.0032 -74.8744 4 6 0
6.7241 28.9957 -74.8756 4 6 0
6.7241 29.001 -74.8756 4 6 0
6.7241 28.9977 -74.8756 4 6 0
6.7241 29 -74.8753 4 6 0
6.7241 28.997 -74.8754 4 6 0
6.7241 29.0036 -74.8756 4 6 0
6.7241 28.998 -74.875 4 6 0
6.7241 29.0036 -74.8753 4 6 0
6.7241 28.9927 -74.8755 4 6 0
6.7241 28.99 -74.8748 4 6 0
6.7241 28.9667 -74.8748 4 6 0
6.7241 28.9957 -74.8749 4 6 0
6.7241 28.9899 -74.8753 4 6 0
6.7241 29.0002 -74.8752 4 6 0
6.7241 29.0024 -74.8756 4 6 0
6.7241 28.9965 -74.875 4 6 0
6.7241 28.9816 -74.8756 4 6 0
6.7241 28.9918 -74.8733 4 6 0
6.7241 29.0025 -74.8755 4 6 0
6.7241 29.0014 -74.8751 4 6 0
6.7241 28.9902 -74.8745 4 6 0
6.7241 28.9977 -74.8756 4 6 0
6.7241 28.9796 -74.8748 4 6 0
6.7241 28.9719 -74.875 4 6 0
6.7241 28.9964 -74.8745 4 6 0
6.7241 29.0016 -74.8756 4 6 0
6.7241 29.0036 -74.8752 4 6 0
6.7241 29.0036 -74.8749 4 6 0
6.7241 29.0008 -74.875 4 6 0
6.7241 29.0001 -74.873 4 6 0
6.7241 29.0022 -74.8747 4 6 0
6.7241 28.9912 -74.8732 4 6 0
6.7241 28.9553 -74.8725 4 6 0
6.7241 28.9864 -74.8748 4 6 0
6.7241 28.9864 -74.8748 4 6 0
7.06069 -50.4356 -50.4356 4 2 0
7.06069 -50.4215 -50.4497 3 2 0
7.06066 -50.3931 -50.4779 4 2 0
7.06055 -50.336 -50.5339 4 2 0
7.06022 -50.2495 -50.6171 4 2 0
7.05935 -50.1178 -50.7401 4 2 0
7.05723 -49.9161 -50.9205 4 2 0
7.05243 -49.6075 -51.1785 4 2 0
7.04589 -49.2873 -51.4245 4 2 0
7.03804 -48.956 -51.6573 4 2 0
7.02936 -48.6145 -51.8756 4 2 0
7.02037 -48.2642 -52.0781 4 2 0
7.01153 -47.9078 -52.2638 4 2 0
7.00324 -47.5482 -52.4323 4 2 0
6.99574 -47.1888 -52.5838 4 2 0
6.98911 -46.8325 -52.7192 4 2 0
6.98335 -46.4818 -52.8401 4 2 0
6.97839 -46.1384 -52.948 4 2 0
6.97412 -45.8037 -53.0446 4 2 0
6.97045 -45.4785 -53.1311 4 2 0
6.96727 -45.1636 -53.2089 4 2 0
6.96451 -44.8596 -53.2792 4 2 0
6.9621 -44.5671 -53.3427 4 2 0
6.95999 -44.2864 -53.4002 4 2 0
6.95814 -44.0178 -53.4525 4 2 0
6.9565 -43.7618 -53.5 4 2 0
6.95504 -43.5185 -53.5431 4 2 0
6.95375 -43.2883 -53.5824 4 2 0
6.9526 -43.0712 -53.6181 4 2 0
6.95158 -42.8673 -53.6506 4 2 0
6.95066 -42.6767 -53.68 4 2 0
6.94985 -42.4993 -53.7067 4 2 0
6.94912 -42.3351 -53.7309 4 2 0
6.94848 -42.1837 -53.7527 4 2 0
6.9479 -42.045 -53.7724 4 2 0
6.94739 -41.9186 -53.7899 4 2 0
6.94694 -41.8042 -53.8055 4 2 0
6.94655 -41.7014 -53.8194 4 2 0
6.9462 -41.6096 -53.8316 4 2 0
6.9459 -41.5284 -53.8421 4 2 0
6.94564 -41.4572 -53.8513 4 2 0
6.94542 -41.3953 -53.8593 4 2 0
6.94524 -41.342 -53.866 4 2 0
6.94508 -41.2968 -53.8716 4 2 0
6.94495 -41.2588 -53.8763 4 2 0
6.94485 -41.2275 -53.8801 4 2 0
6.94476 -41.2019 -53.8831 4 2 0
6.9447 -41.1815 -53.8855 4 2 0
6.94467 -41.1724 -53.8866 4 2 0
6.94463 -41.1584 -53.8882 4 2 0
6.94459 -41.1478 -53.8894 4 2 0
6.94457 -41.1399 -53.8902 4 2 0
6.94455 -41.1343 -53.8908 4 2 0
6.94454 -41.1303 -53.8912 4 2 0
6.94454 -41.1303 -53.8912 4 2 0
6.94453 -41.1276 -53.8915 4 2 0
6.94453 -41.1259 -53.8917 4 2 0
6.94453 -41.1248 -53.8918 4 2 0
6.94453 -41.1247 -53.8918 4 2 0
6.94452 -41.1241 -53.8919 4 2 0
6.94452 -41.1238 -53.8919 4 2 0
6.94452 -41.1236 -53.8919 4 2 0
6.94452 -41.1235 -53.8919 4 2 0
6.94452 -41.1235 -53.8919 4 2 0
6.94452 -41.1234 -53.892 4 2 0
6.94452 -41.1234 -53.8919 4 2 0
6.94452 -41.1234 -53.8919 4 2 0
6.94452 -41.1234 -53.892 4 2 0
6.94452 -41.1234 -53.8918 4 2 0
6.94452 -41.1234 -53.8919 4 2 0
6.94452 -41.1234 -53.8919 4 2 0
6.94452 -41.1234 -53.892 4 2 0
6.94452 -41.1234 -53.8919 4 2 0
6.94452 -41.1234 -53.8919 4 2 0
6.94452 -41.1234 -53.8919 4 2 0
6.94452 -41.1234 -53.892 4 2 0
6.94452 -41.1234 -53.8919 4 2 0
6.94452 -41.1234 -53.8918 4 2 0
6.94452 -41.1234 -53.8919 4 2 0
6.94452 -41.1234 -53.8918 4 2 0
6.94452 -41.1234 -53.8918 4 2 0
6.94452 -41.1234 -53.892 4 2 0
6.94452 -41.1234 -53.892 4 2 0
6.94452 -41.1234 -53.892 4 2 0
6.94452 -41.1234 -53.8918 4 2 0
6.94452 -41.1234 -53.8919 4 2 0
6.94452 -41.1234 -53.8919 4 2 0
6.94452 -41.1234 -53.892 4 2 0
6.94452 -41.1234 -53.8919 4 2 0
6.94452 -41.1234 -53.8918 4 2 0
6.94452 -41.1234 -53.892 4 2 0
6.94452 -41.1234 -53.8919 4 2 0
6.94452 -41.1234 -53.8919 4 2 0
6.94452 -41.1234 -53.892 4 2 0
6.94452 -41.1234 -53.892 4 2 0
6.94452 -41.1234 -53.892 4 2 0
6.94452 -41.1234 -53.8918 4 2 0
6.94452 -41.1234 -53.8919 4 2 0
6.94452 -41.1234 -53.8919 4 2 0
6.94452 -41.1234 -53.8919 4 2 0
6.94452 -41.1234 -53.8916 4 2 0
6.94452 -41.1234 -53.8914 4 2 0
6.94452 -41.1234 -53.8919 4 2 0
6.94452 -41.1234 -53.8919 4 2 0
6.94452 -41.1234 -53.892 4 2 0
6.94452 -41.1234 -53.892 4 2 0
6.94452 -41.1234 -53.892 4 2 0
6.94452 -41.1234 -53.892 4 2 0
6.94452 -41.1234 -53.8918 4 2 0
6.94452 -41.1234 -53.8918 4 2 0
6.94452 -41.1234 -53.8919 4 2 0
6.94452 -41.1234 -53.892 4 2 0
6.94452 -41.1234 -53.892 4 2 0
6.94452 -41.1234 -53.8915 4 2 0
6.94452 -41.1234 -53.8918 4 2 0
7.06069 -50.4356 -50.4356 4 2 0
7.06069 -50.4215 -50.4497 3 2 0
7.06066 -50.3931 -50.4779 4 2 0
7.06055 -50.336 -50.5339 4 2 0
7.06022 -50.2495 -50.6171 4 2 0
7.05935 -50.1178 -50.7401 4 2 0
7.05723 -49.9161 -50.9205 4 2 0
7.05243 -49.6075 -51.1785 4 2 0
7.04589 -49.2873 -51.4245 4 2 0
7.03804 -48.956 -51.6573 4 2 0
7.02936 -48.6145 -51.8756 4 2 0
7.02037 -48.2642 -52.0781 4 2 0
7.01153 -47.9078 -52.2638 4 2 0
7.00324 -47.5482 -52.4323 4 2 0
6.99574 -47.1888 -52.5838 4 2 0
6.98911 -46.8325 -52.7192 4 2 0
6.98335 -46.4818 -52.8401 4 2 0
6.97839 -46.1384 -52.948 4 2 0
6.97412 -45.8037 -53.0446 4 2 0
6.97045 -45.4785 -53.1311 4 2 0
6.96727 -45.1636 -53.2089 4 2 0
6.96451 -44.8596 -53.2792 4 2 0
6.9621 -44.5671 -53.3427 4 2 0
6.95999 -44.2864 -53.4002 4 2 0
6.95814 -44.0178 -53.4525 4 2 0
6.9565 -43.7618 -53.5 4 2 0
6.95504 -43.5185 -53.5431 4 2 0
6.95375 -43.2883 -53.5824 4 2 0
6.9526 -43.0712 -53.6181 4 2 0
6.95158 -42.8673 -53.6506 4 2 0
6.95066 -42.6767 -53.68 4 2 0
6.94985 -42.4993 -53.7067 4 2 0
6.94912 -42.3351 -53.7309 4 2 0
6.94848 -42.1837 -53.7527 4 2 0
6.9479 -42.045 -53.7724 4 2 0
6.94739 -41.9186 -53.7899 4 2 0
6.94694 -41.8042 -53.8055 4 2 0
6.94655 -41.7014 -53.8194 4 2 0
6.9462 -41.6096 -53.8316 4 2 0
6.9459 -41.5284 -53.8421 4 2 0
6.94564 -41.4572 -53.8513 4 2 0
6.94542 -41.3953 -53.8593 4 2 0
6.94524 -41.342 -53.866 4 2 0
6.94508 -41.2968 -53.8716 4 2 0
6.94495 -41.2588 -53.8763 4 2 0
6.94485 -41.2275 -53.8801 4 2 0
6.94476 -41.2019 -53.8831 4 2 0
6.9447 -41.1815 -53.8855 4 2 0
6.94467 -41.1724 -53.8866 4 2 0
6.94463 -41.1584 -53.8882 4 2 0
6.94459 -41.1478 -53.8894 4 2 0
6.94457 -41.1399 -53.8902 4 2 0
6.94455 -41.1343 -53.8908 4 2 0
6.94454 -41.1303 -53.8912 4 2 0
6.94454 -41.1303 -53.8912 4 2 0
6.94453 -41.1276 -53.8915 4 2 0
6.94453 -41.1259 -53.8917 4 2 0
6.94453 -41.1248 -53.8918 4 2 0
6.94453 -41.1247 -53.8918 4 2 0
6.94452 -41.1241 -53.8919 4 2 0
6.94452 -41.1238 -53.8919 4 2 0
6.94452 -41.1236 -53.8919 4 2 0
6.94452 -41.1235 -53.8919 4 2 0
6.94452 -41.1235 -53.8919 4 2 0
6.94452 -41.1234 -53.892 4 2 0
6.94452 -41.1234 -53.8919 4 2 0
6.94452 -41.1234 -53.8919 4 2 0
6.94452 -41.1234 -53.892 4 2 0
6.94452 -41.1234 -53.8918 4 2 0
6.94452 -41.1234 -53.8919 4 2 0
6.94452 -41.1234 -53.8919 4 2 0
6.94452 -41.1234 -53.892 4 2 0
6.94452 -41.1234 -53.8919 4 2 0
6.94452 -41.1234 -53.8919 4 2 0
6.94452 -41.1234 -53.8919 4 2 0
6.94452 -41.1234 -53.892 4 2 0
6.94452 -41.1234 -53.8919 4 2 0
6.94452 -41.1234 -53.8918 4 2 0
6.94452 -41.1234 -53.8919 4 2 0
6.94452 -41.1234 -53.8918 4 2 0
6.94452 -41.1234 -53.8918 4 2 0
6.94452 -41.1234 -53.892 4 2 0
6.94452 -41.1234 -53.892 4 2 0
6.94452 -41.1234 -53.892 4 2 0
6.94452 -41.1234 -53.8918 4 2 0
6.94452 -41.1234 -53.8919 4 2 0
6.94452 -41.1234 -53.8919 4 2 0
6.94452 -41.1234 -53.892 4 2 0
6.94452 -41.1234 -53.8919 4 2 0
6.94452 -41.1234 -53.8918 4 2 0
6.94452 -41.1234 -53.892 4 2 0
6.94452 -41.1234 -53.8919 4 2 0
6.94452 -41.1234 -53.8919 4 2 0
6.94452 -41.1234 -53.892 4 2 0
6.94452 -41.1234 -53.892 4 2 0
6.94452 -41.1234 -53.892 4 2 0
6.94452 -41.1234 -53.8918 4 2 0
6.94452 -41.1234 -53.8919 4 2 0
6.94452 -41.1234 -53.8919 4 2 0
6.94452 -41.1234 -53.8919 4 2 0
6.94452 -41.1234 -53.8916 4 2 0
6.94452 -41.1234 -53.8914 4 2 0
6.94452 -41.1234 -53.8919 4 2 0
6.94452 -41.1234 -53.8919 4 2 0
6.94452 -41.1234 -53.892 4 2 0
6.94452 -41.1234 -53.892 4 2 0
6.94452 -41.1234 -53.892 4 2 0
6.94452 -41.1234 -53.892 4 2 0
6.94452 -41.1234 -53.8918 4 2 0
6.94452 -41.1234 -53.8918 4 2 0
6.94452 -41.1234 -53.8919 4 2 0
6.94452 -41.1234 -53.892 4 2 0
6.94452 -41.1234 -53.892 4 2 0
6.94452 -41.1234 -53.8915 4 2 0
6.94452 -41.1234 -53.8918 4 2 0
