100 -20.73 -20.73 2 1 0
100.02 -20.7282 -20.7282 1 1 0
100.04 -20.7264 -20.7264 1 1 0
100.08 -20.7228 -20.7228 1 1 0
100.159 -20.7155 -20.7155 1 1 0
100.259 -20.7065 -20.7065 1 1 0
100.359 -20.6974 -20.6974 1 1 0
100.458 -20.6883 -20.6883 1 1 0
100.558 -20.6793 -20.6793 1 1 0
100.657 -20.6702 -20.6702 1 1 0
100.757 -20.6612 -20.6612 1 1 0
100.856 -20.6521 -20.6521 1 1 0
100.956 -20.6431 -20.6431 1 1 0
101.056 -20.634 -20.634 1 1 0
101.155 -20.625 -20.625 1 1 0
101.255 -20.616 -20.616 1 1 0
101.354 -20.6069 -20.6069 1 1 0
101.454 -20.5979 -20.5979 1 1 0
101.554 -20.5889 -20.5889 1 1 0
101.653 -20.5798 -20.5798 1 1 0
101.753 -20.5708 -20.5708 1 1 0
101.852 -20.5618 -20.5618 1 1 0
101.952 -20.5528 -20.5528 1 1 0
102.052 -20.5438 -20.5438 1 1 0
102.151 -20.5348 -20.5348 1 1 0
102.251 -20.5258 -20.5258 1 1 0
102.35 -20.5168 -20.5168 1 1 0
102.45 -20.5078 -20.5078 1 1 0
102.55 -20.4988 -20.4988 1 1 0
102.649 -20.4898 -20.4898 1 1 0
102.749 -20.4808 -20.4808 1 1 0
102.848 -20.4718 -20.4718 1 1 0
102.948 -20.4629 -20.4629 1 1 0
103.048 -20.4539 -20.4539 1 1 0
103.147 -20.4449 -20.4449 1 1 0
103.247 -20.4359 -20.4359 1 1 0
103.346 -20.427 -20.427 1 1 0
103.446 -20.418 -20.418 1 1 0
103.545 -20.409 -20.409 1 1 0
103.645 -20.4001 -20.4001 1 1 0
103.745 -20.3911 -20.3911 1 1 0
103.844 -20.3822 -20.3822 1 1 0
103.944 -20.3732 -20.3732 1 1 0
104.043 -20.3643 -20.3643 1 1 0
104.143 -20.3553 -20.3553 1 1 0
104.243 -20.3464 -20.3464 1 1 0
104.342 -20.3374 -20.3374 1 1 0
104.442 -20.3285 -20.3285 1 1 0
104.541 -20.3196 -20.3196 1 1 0
104.641 -20.3107 -20.3107 1 1 0
104.741 -20.3017 -20.3017 1 1 0
104.84 -20.2928 -20.2928 1 1 0
104.94 -20.2839 -20.2839 1 1 0
105.039 -20.275 -20.275 1 1 0
105.139 -20.2661 -20.2661 1 1 0
105.239 -20.2572 -20.2572 1 1 0
105.338 -20.2482 -20.2482 1 1 0
105.438 -20.2393 -20.2393 1 1 0
105.538 -20.2304 -20.2304 1 1 0
105.637 -20.2215 -20.2215 1 1 0
105.737 -20.2126 -20.2126 1 1 0
105.836 -20.2038 -20.2038 1 1 0
105.936 -20.1949 -20.1949 1 1 0
106.036 -20.186 -20.186 1 1 0
106.135 -20.1771 -20.1771 1 1 0
106.235 -20.1682 -20.1682 1 1 0
106.334 -20.1593 -20.1593 1 1 0
106.434 -20.1505 -20.1505 1 1 0
106.534 -20.1416 -20.1416 1 1 0
106.633 -20.1327 -20.1327 1 1 0
106.733 -20.1239 -20.1239 1 1 0
106.832 -20.115 -20.115 1 1 0
106.932 -20.1061 -20.1061 1 1 0
107.032 -20.0973 -20.0973 1 1 0
107.131 -20.0884 -20.0884 1 1 0
107.231 -20.0796 -20.0796 1 1 0
107.33 -20.0707 -20.0707 1 1 0
107.43 -20.0619 -20.0619 1 1 0
107.53 -20.0531 -20.0531 1 1 0
107.629 -20.0442 -20.0442 1 1 0
107.729 -20.0354 -20.0354 1 1 0
107.828 -20.0265 -20.0265 1 1 0
107.928 -20.0177 -20.0177 1 1 0
108.028 -20.0089 -20.0089 1 1 0
108.127 -20.0001 -20.0001 1 1 0
108.227 -19.9912 -19.9912 1 1 0
108.326 -19.9824 -19.9824 1 1 0
108.426 -19.9736 -19.9736 1 1 0
108.526 -19.9648 -19.9648 1 1 0
108.625 -19.956 -19.956 1 1 0
108.725 -19.9472 -19.9472 1 1 0
108.825 -19.9384 -19.9384 1 1 0
108.924 -19.9296 -19.9296 1 1 0
109.024 -19.9208 -19.9208 1 1 0
109.123 -19.912 -19.912 1 1 0
109.223 -19.9032 -19.9032 1 1 0
109.323 -19.8944 -19.8944 1 1 0
109.422 -19.8856 -19.8856 1 1 0
109.522 -19.8768 -19.8768 1 1 0
109.621 -19.8681 -19.8681 1 1 0
109.721 -19.8593 -19.8593 1 1 0
109.821 -19.8505 -19.8505 1 1 0
109.92 -19.8417 -19.8417 1 1 0
110.02 -19.833 -19.833 1 1 0
110.12 -19.8242 -19.8242 1 1 0
110.219 -19.8154 -19.8154 1 1 0
110.319 -19.8067 -19.8067 1 1 0
110.418 -19.7979 -19.7979 1 1 0
110.518 -19.7892 -19.7892 1 1 0
110.618 -19.7804 -19.7804 1 1 0
110.717 -19.7717 -19.7717 1 1 0
110.817 -19.7629 -19.7629 1 1 0
110.916 -19.7542 -19.7542 1 1 0
111.016 -19.7454 -19.7454 1 1 0
111.116 -19.7367 -19.7367 1 1 0
111.215 -19.7279 -19.7279 1 1 0
111.315 -19.7192 -19.7192 1 1 0
111.415 -19.7105 -19.7105 1 1 0
111.514 -19.7017 -19.7017 1 1 0
111.614 -19.693 -19.693 1 1 0
111.713 -19.6843 -19.6843 1 1 0
111.813 -19.6756 -19.6756 1 1 0
111.913 -19.6669 -19.6669 1 1 0
112.012 -19.6582 -19.6582 1 1 0
112.112 -19.6494 -19.6494 1 1 0
112.211 -19.6407 -19.6407 1 1 0
112.311 -19.632 -19.632 1 1 0
112.411 -19.6233 -19.6233 1 1 0
112.51 -19.6146 -19.6146 1 1 0
112.61 -19.6059 -19.6059 1 1 0
112.71 -19.5972 -19.5972 1 1 0
112.809 -19.5885 -19.5885 1 1 0
112.909 -19.5798 -19.5798 1 1 0
113.008 -19.5712 -19.5712 1 1 0
113.108 -19.5625 -19.5625 1 1 0
113.208 -19.5538 -19.5538 1 1 0
113.307 -19.5451 -19.5451 1 1 0
113.407 -19.5364 -19.5364 1 1 0
113.507 -19.5278 -19.5278 1 1 0
113.606 -19.5191 -19.5191 1 1 0
113.706 -19.5104 -19.5104 1 1 0
113.805 -19.5018 -19.5018 1 1 0
113.905 -19.4931 -19.4931 1 1 0
114.005 -19.4844 -19.4844 1 1 0
114.104 -19.4758 -19.4758 1 1 0
114.204 -19.4671 -19.4671 1 1 0
114.304 -19.4585 -19.4585 1 1 0
114.403 -19.4498 -19.4498 1 1 0
114.503 -19.4412 -19.4412 1 1 0
114.602 -19.4325 -19.4325 1 1 0
114.702 -19.4239 -19.4239 1 1 0
114.802 -19.4152 -19.4152 1 1 0
114.901 -19.4066 -19.4066 1 1 0
115.001 -19.398 -19.398 1 1 0
115.101 -19.3893 -19.3893 1 1 0
115.2 -19.3807 -19.3807 1 1 0
115.3 -19.3721 -19.3721 1 1 0
115.399 -19.3635 -19.3635 1 1 0
115.499 -19.3548 -19.3548 1 1 0
115.599 -19.3462 -19.3462 1 1 0
115.698 -19.3376 -19.3376 1 1 0
115.798 -19.329 -19.329 1 1 0
115.898 -19.3204 -19.3204 1 1 0
115.997 -19.3118 -19.3118 1 1 0
116.097 -19.3032 -19.3032 1 1 0
116.196 -19.2945 -19.2945 1 1 0
116.296 -19.2859 -19.2859 1 1 0
116.396 -19.2773 -19.2773 1 1 0
116.495 -19.2688 -19.2688 1 1 0
116.595 -19.2602 -19.2602 1 1 0
116.695 -19.2516 -19.2516 1 1 0
116.794 -19.243 -19.243 1 1 0
116.894 -19.2344 -19.2344 1 1 0
116.994 -19.2258 -19.2258 1 1 0
117.093 -19.2172 -19.2172 1 1 0
117.193 -19.2086 -19.2086 1 1 0
117.292 -19.2001 -19.2001 1 1 0
117.392 -19.1915 -19.1915 1 1 0
117.492 -19.1829 -19.1829 1 1 0
117.591 -19.1744 -19.1744 1 1 0
117.691 -19.1658 -19.1658 1 1 0
117.791 -19.1572 -19.1572 1 1 0
117.89 -19.1487 -19.1487 1 1 0
117.99 -19.1401 -19.1401 1 1 0
118.089 -19.1316 -19.1316 1 1 0
118.189 -19.123 -19.123 1 1 0
118.289 -19.1145 -19.1145 1 1 0
118.388 -19.1059 -19.1059 1 1 0
118.488 -19.0974 -19.0974 1 1 0
118.588 -19.0888 -19.0888 1 1 0
118.687 -19.0803 -19.0803 1 1 0
118.787 -19.0717 -19.0717 1 1 0
118.887 -19.0632 -19.0632 1 1 0
118.986 -19.0547 -19.0547 1 1 0
119.086 -19.0461 -19.0461 1 1 0
119.185 -19.0376 -19.0376 1 1 0
119.285 -19.0291 -19.0291 1 1 0
119.385 -19.0205 -19.0205 1 1 0
119.484 -19.012 -19.012 1 1 0
119.584 -19.0035 -19.0035 1 1 0
119.684 -18.995 -18.995 1 1 0
119.783 -18.9865 -18.9865 1 1 0
119.883 -18.978 -18.978 1 1 0
119.983 -18.9695 -18.9695 1 1 0
120.082 -18.9609 -18.9609 1 1 0
100 -20.73 -20.73 2 1 0
99.9801 -20.7319 -20.7319 1 1 0
100 -20.73 -20.73 2 1 0
99.9801 -20.7319 -20.7319 1 1 0
100 -20.73 -20.73 2 1 0
99.9801 -20.7319 -20.7319 1 1 0
99.9602 -20.7337 -20.7337 1 1 0
99.9203 -20.7373 -20.7373 1 1 0
99.8407 -20.7446 -20.7446 1 1 0
99.7411 -20.7536 -20.7536 1 1 0
99.6415 -20.7627 -20.7627 1 1 0
99.5419 -20.7718 -20.7718 1 1 0
99.4423 -20.7809 -20.7809 1 1 0
99.3427 -20.79 -20.79 1 1 0
99.2431 -20.7991 -20.7991 1 1 0
99.1436 -20.8082 -20.8082 1 1 0
99.044 -20.8173 -20.8173 1 1 0
98.9444 -20.8264 -20.8264 1 1 0
98.8448 -20.8355 -20.8355 1 1 0
98.7452 -20.8446 -20.8446 1 1 0
98.6456 -20.8538 -20.8538 1 1 0
98.5461 -20.8629 -20.8629 1 1 0
98.4465 -20.872 -20.872 1 1 0
98.3469 -20.8811 -20.8811 1 1 0
98.2473 -20.8903 -20.8903 1 1 0
98.1477 -20.8994 -20.8994 1 1 0
98.0481 -20.9085 -20.9085 1 1 0
97.9486 -20.9177 -20.9177 1 1 0
97.849 -20.9268 -20.9268 1 1 0
97.7494 -20.936 -20.936 1 1 0
97.6498 -20.9451 -20.9451 1 1 0
97.5502 -20.9543 -20.9543 1 1 0
97.4507 -20.9635 -20.9635 1 1 0
97.3511 -20.9726 -20.9726 1 1 0
97.2515 -20.9818 -20.9818 1 1 0
97.1519 -20.991 -20.991 1 1 0
97.0523 -21.0001 -21.0001 1 1 0
96.9528 -21.0093 -21.0093 1 1 0
96.8532 -21.0185 -21.0185 1 1 0
96.7536 -21.0277 -21.0277 1 1 0
96.654 -21.0369 -21.0369 1 1 0
96.5545 -21.046 -21.046 1 1 0
96.4549 -21.0552 -21.0552 1 1 0
96.3553 -21.0644 -21.0644 1 1 0
96.2557 -21.0736 -21.0736 1 1 0
96.1562 -21.0828 -21.0828 1 1 0
96.0566 -21.0921 -21.0921 1 1 0
95.957 -21.1013 -21.1013 1 1 0
95.8574 -21.1105 -21.1105 1 1 0
95.7579 -21.1197 -21.1197 1 1 0
95.6583 -21.1289 -21.1289 1 1 0
95.5587 -21.1381 -21.1381 1 1 0
95.4591 -21.1474 -21.1474 1 1 0
95.3596 -21.1566 -21.1566 1 1 0
95.26 -21.1658 -21.1658 1 1 0
95.1604 -21.1751 -21.1751 1 1 0
95.0609 -21.1843 -21.1843 1 1 0
94.9613 -21.1936 -21.1936 1 1 0
94.8617 -21.2028 -21.2028 1 1 0
94.7621 -21.2121 -21.2121 1 1 0
94.6626 -21.2213 -21.2213 1 1 0
94.563 -21.2306 -21.2306 1 1 0
94.4634 -21.2399 -21.2399 1 1 0
94.3639 -21.2491 -21.2491 1 1 0
94.2643 -21.2584 -21.2584 1 1 0
94.1647 -21.2677 -21.2677 1 1 0
94.0652 -21.277 -21.277 1 1 0
93.9656 -21.2863 -21.2863 1 1 0
93.866 -21.2955 -21.2955 1 1 0
93.7664 -21.3048 -21.3048 1 1 0
93.6669 -21.3141 -21.3141 1 1 0
93.5673 -21.3234 -21.3234 1 1 0
93.4677 -21.3327 -21.3327 1 1 0
93.3682 -21.342 -21.342 1 1 0
93.2686 -21.3514 -21.3514 1 1 0
93.1691 -21.3607 -21.3607 1 1 0
93.0695 -21.37 -21.37 1 1 0
92.9699 -21.3793 -21.3793 1 1 0
92.8704 -21.3886 -21.3886 1 1 0
92.7708 -21.398 -21.398 1 1 0
92.6712 -21.4073 -21.4073 1 1 0
92.5717 -21.4166 -21.4166 1 1 0
92.4721 -21.426 -21.426 1 1 0
92.3725 -21.4353 -21.4353 1 1 0
92.273 -21.4447 -21.4447 1 1 0
92.1734 -21.454 -21.454 1 1 0
92.0739 -21.4634 -21.4634 1 1 0
91.9743 -21.4727 -21.4727 1 1 0
91.8747 -21.4821 -21.4821 1 1 0
91.7752 -21.4915 -21.4915 1 1 0
91.6756 -21.5008 -21.5008 1 1 0
91.5761 -21.5102 -21.5102 1 1 0
91.4765 -21.5196 -21.5196 1 1 0
91.3769 -21.529 -21.529 1 1 0
91.2774 -21.5383 -21.5383 1 1 0
91.1778 -21.5477 -21.5477 1 1 0
91.0783 -21.5571 -21.5571 1 1 0
90.9787 -21.5665 -21.5665 1 1 0
90.8791 -21.5759 -21.5759 1 1 0
90.7796 -21.5853 -21.5853 1 1 0
90.68 -21.5947 -21.5947 1 1 0
90.5805 -21.6042 -21.6042 1 1 0
90.4809 -21.6136 -21.6136 1 1 0
90.3814 -21.623 -21.623 1 1 0
90.2818 -21.6324 -21.6324 1 1 0
90.1823 -21.6418 -21.6418 1 1 0
90.0827 -21.6513 -21.6513 1 1 0
89.9832 -21.6607 -21.6607 1 1 0
89.8836 -21.6702 -21.6702 1 1 0
89.784 -21.6796 -21.6796 1 1 0
89.6845 -21.689 -21.689 1 1 0
89.5849 -21.6985 -21.6985 1 1 0
89.4854 -21.708 -21.708 1 1 0
89.3858 -21.7174 -21.7174 1 1 0
89.2863 -21.7269 -21.7269 1 1 0
89.1867 -21.7363 -21.7363 1 1 0
89.0872 -21.7458 -21.7458 1 1 0
88.9876 -21.7553 -21.7553 1 1 0
88.8881 -21.7648 -21.7648 1 1 0
88.7885 -21.7743 -21.7743 1 1 0
88.689 -21.7838 -21.7838 1 1 0
88.5894 -21.7932 -21.7932 1 1 0
88.4899 -21.8027 -21.8027 1 1 0
88.3903 -21.8122 -21.8122 1 1 0
88.2908 -21.8217 -21.8217 1 1 0
88.1913 -21.8313 -21.8313 1 1 0
88.0917 -21.8408 -21.8408 1 1 0
87.9922 -21.8503 -21.8503 1 1 0
87.8926 -21.8598 -21.8598 1 1 0
87.7931 -21.8693 -21.8693 1 1 0
87.6935 -21.8789 -21.8789 1 1 0
87.594 -21.8884 -21.8884 1 1 0
87.4944 -21.8979 -21.8979 1 1 0
87.3949 -21.9075 -21.9075 1 1 0
87.2953 -21.917 -21.917 1 1 0
87.1958 -21.9266 -21.9266 1 1 0
87.0963 -21.9361 -21.9361 1 1 0
86.9967 -21.9457 -21.9457 1 1 0
86.8972 -21.9552 -21.9552 1 1 0
86.7976 -21.9648 -21.9648 1 1 0
86.6981 -21.9744 -21.9744 1 1 0
86.5986 -21.984 -21.984 1 1 0
86.499 -21.9935 -21.9935 1 1 0
86.3995 -22.0031 -22.0031 1 1 0
86.2999 -22.0127 -22.0127 1 1 0
86.2004 -22.0223 -22.0223 1 1 0
86.1009 -22.0319 -22.0319 1 1 0
86.0013 -22.0415 -22.0415 1 1 0
85.9018 -22.0511 -22.0511 1 1 0
85.8022 -22.0607 -22.0607 1 1 0
85.7027 -22.0703 -22.0703 1 1 0
85.6032 -22.0799 -22.0799 1 1 0
85.5036 -22.0896 -22.0896 1 1 0
85.4041 -22.0992 -22.0992 1 1 0
85.3046 -22.1088 -22.1088 1 1 0
85.205 -22.1185 -22.1185 1 1 0
85.1055 -22.1281 -22.1281 1 1 0
85.006 -22.1377 -22.1377 1 1 0
84.9064 -22.1474 -22.1474 1 1 0
84.8069 -22.157 -22.157 1 1 0
84.7074 -22.1667 -22.1667 1 1 0
84.6078 -22.1764 -22.1764 1 1 0
84.5083 -22.186 -22.186 1 1 0
84.4088 -22.1957 -22.1957 1 1 0
84.3092 -22.2054 -22.2054 1 1 0
84.2097 -22.215 -22.215 1 1 0
84.1102 -22.2247 -22.2247 1 1 0
84.0106 -22.2344 -22.2344 1 1 0
83.9111 -22.2441 -22.2441 1 1 0
83.8116 -22.2538 -22.2538 1 1 0
83.7121 -22.2635 -22.2635 1 1 0
83.6125 -22.2732 -22.2732 1 1 0
83.513 -22.2829 -22.2829 1 1 0
83.4135 -22.2926 -22.2926 1 1 0
83.314 -22.3024 -22.3024 1 1 0
83.2144 -22.3121 -22.3121 1 1 0
83.1149 -22.3218 -22.3218 1 1 0
83.0154 -22.3315 -22.3315 1 1 0
82.9159 -22.3413 -22.3413 1 1 0
82.8163 -22.351 -22.351 1 1 0
82.7168 -22.3608 -22.3608 1 1 0
82.6173 -22.3705 -22.3705 1 1 0
82.5178 -22.3803 -22.3803 1 1 0
82.4182 -22.39 -22.39 1 1 0
82.3187 -22.3998 -22.3998 1 1 0
82.2192 -22.4096 -22.4096 1 1 0
82.1197 -22.4193 -22.4193 1 1 0
82.0201 -22.4291 -22.4291 1 1 0
81.9206 -22.4389 -22.4389 1 1 0
81.8211 -22.4487 -22.4487 1 1 0
81.7216 -22.4585 -22.4585 1 1 0
81.6221 -22.4683 -22.4683 1 1 0
81.5226 -22.4781 -22.4781 1 1 0
81.423 -22.4879 -22.4879 1 1 0
81.3235 -22.4977 -22.4977 1 1 0
81.224 -22.5075 -22.5075 1 1 0
81.1245 -22.5173 -22.5173 1 1 0
81.025 -22.5271 -22.5271 1 1 0
80.9255 -22.537 -22.537 1 1 0
80.8259 -22.5468 -22.5468 1 1 0
80.7264 -22.5566 -22.5566 1 1 0
80.6269 -22.5665 -22.5665 1 1 0
80.5274 -22.5763 -22.5763 1 1 0
80.4279 -22.5862 -22.5862 1 1 0
80.3284 -22.596 -22.596 1 1 0
80.2289 -22.6059 -22.6059 1 1 0
80.1293 -22.6158 -22.6158 1 1 0
80.0298 -22.6256 -22.6256 1 1 0
79.9303 -22.6355 -22.6355 1 1 0
79.8308 -22.6454 -22.6454 1 1 0
79.7313 -22.6553 -22.6553 1 1 0
79.6318 -22.6652 -22.6652 1 1 0
79.5323 -22.6751 -22.6751 1 1 0
79.4328 -22.685 -22.685 1 1 0
79.3333 -22.6949 -22.6949 1 1 0
79.2338 -22.7048 -22.7048 1 1 0
79.1342 -22.7147 -22.7147 1 1 0
79.0347 -22.7246 -22.7246 1 1 0
78.9352 -22.7345 -22.7345 1 1 0
78.8357 -22.7445 -22.7445 1 1 0
78.7362 -22.7544 -22.7544 1 1 0
78.6367 -22.7643 -22.7643 1 1 0
78.5372 -22.7743 -22.7743 1 1 0
78.4377 -22.7842 -22.7842 1 1 0
78.3382 -22.7942 -22.7942 1 1 0
78.2387 -22.8042 -22.8042 1 1 0
78.1392 -22.8141 -22.8141 1 1 0
78.0397 -22.8241 -22.8241 1 1 0
77.9402 -22.8341 -22.8341 1 1 0
77.8407 -22.844 -22.844 1 1 0
77.7412 -22.854 -22.854 1 1 0
77.6417 -22.864 -22.864 1 1 0
77.5422 -22.874 -22.874 1 1 0
77.4427 -22.884 -22.884 1 1 0
77.3432 -22.894 -22.894 1 1 0
77.2437 -22.904 -22.904 1 1 0
77.1442 -22.914 -22.914 1 1 0
77.0447 -22.9241 -22.9241 1 1 0
76.9452 -22.9341 -22.9341 1 1 0
76.8457 -22.9441 -22.9441 1 1 0
76.7462 -22.9542 -22.9542 1 1 0
76.6467 -22.9642 -22.9642 1 1 0
76.5472 -22.9742 -22.9742 1 1 0
76.4477 -22.9843 -22.9843 1 1 0
76.3482 -22.9943 -22.9943 1 1 0
76.2488 -23.0044 -23.0044 1 1 0
76.1493 -23.0145 -23.0145 1 1 0
76.0498 -23.0245 -23.0245 1 1 0
75.9503 -23.0346 -23.0346 1 1 0
75.8508 -23.0447 -23.0447 1 1 0
75.7513 -23.0548 -23.0548 1 1 0
75.6518 -23.0649 -23.0649 1 1 0
75.5523 -23.075 -23.075 1 1 0
75.4528 -23.0851 -23.0851 1 1 0
75.3533 -23.0952 -23.0952 1 1 0
75.2539 -23.1053 -23.1053 1 1 0
75.1544 -23.1154 -23.1154 1 1 0
75.0549 -23.1255 -23.1255 1 1 0
74.9554 -23.1357 -23.1357 1 1 0
74.8559 -23.1458 -23.1458 1 1 0
74.7564 -23.1559 -23.1559 1 1 0
74.6569 -23.1661 -23.1661 1 1 0
74.5575 -23.1762 -23.1762 1 1 0
74.458 -23.1864 -23.1864 1 1 0
74.3585 -23.1966 -23.1966 1 1 0
74.259 -23.2067 -23.2067 1 1 0
74.1595 -23.2169 -23.2169 1 1 0
74.0601 -23.2271 -23.2271 1 1 0
73.9606 -23.2373 -23.2373 1 1 0
73.8611 -23.2474 -23.2474 1 1 0
73.7616 -23.2576 -23.2576 1 1 0
73.6621 -23.2678 -23.2678 1 1 0
73.5627 -23.278 -23.278 1 1 0
73.4632 -23.2883 -23.2883 1 1 0
73.3637 -23.2985 -23.2985 1 1 0
73.2642 -23.3087 -23.3087 1 1 0
73.1648 -23.3189 -23.3189 1 1 0
73.0653 -23.3292 -23.3292 1 1 0
72.9658 -23.3394 -23.3394 1 1 0
72.8663 -23.3496 -23.3496 1 1 0
72.7669 -23.3599 -23.3599 1 1 0
72.6674 -23.3701 -23.3701 1 1 0
72.5679 -23.3804 -23.3804 1 1 0
72.4684 -23.3907 -23.3907 1 1 0
72.369 -23.4009 -23.4009 1 1 0
72.2695 -23.4112 -23.4112 1 1 0
72.17 -23.4215 -23.4215 1 1 0
72.0706 -23.4318 -23.4318 1 1 0
71.9711 -23.4421 -23.4421 1 1 0
71.8716 -23.4524 -23.4524 1 1 0
71.7722 -23.4627 -23.4627 1 1 0
71.6727 -23.473 -23.473 1 1 0
71.5732 -23.4833 -23.4833 1 1 0
71.4738 -23.4936 -23.4936 1 1 0
71.3743 -23.504 -23.504 1 1 0
71.2748 -23.5143 -23.5143 1 1 0
71.1754 -23.5246 -23.5246 1 1 0
71.0759 -23.535 -23.535 1 1 0
70.9764 -23.5453 -23.5453 1 1 0
70.877 -23.5557 -23.5557 1 1 0
70.7775 -23.5661 -23.5661 1 1 0
70.6781 -23.5764 -23.5764 1 1 0
70.5786 -23.5868 -23.5868 1 1 0
70.4791 -23.5972 -23.5972 1 1 0
70.3797 -23.6076 -23.6076 1 1 0
70.2802 -23.618 -23.618 1 1 0
70.1808 -23.6284 -23.6284 1 1 0
70.0813 -23.6388 -23.6388 1 1 0
69.9818 -23.6492 -23.6492 1 1 0
69.8824 -23.6596 -23.6596 1 1 0
69.7829 -23.67 -23.67 1 1 0
69.6835 -23.6804 -23.6804 1 1 0
69.584 -23.6909 -23.6909 1 1 0
69.4846 -23.7013 -23.7013 1 1 0
69.3851 -23.7118 -23.7118 1 1 0
69.2857 -23.7222 -23.7222 1 1 0
69.1862 -23.7327 -23.7327 1 1 0
69.0868 -23.7431 -23.7431 1 1 0
68.9873 -23.7536 -23.7536 1 1 0
68.8879 -23.7641 -23.7641 1 1 0
68.7884 -23.7746 -23.7746 1 1 0
68.689 -23.7851 -23.7851 1 1 0
68.5895 -23.7956 -23.7956 1 1 0
68.4901 -23.8061 -23.8061 1 1 0
68.3906 -23.8166 -23.8166 1 1 0
68.2912 -23.8271 -23.8271 1 1 0
68.1917 -23.8376 -23.8376 1 1 0
68.0923 -23.8481 -23.8481 1 1 0
67.9928 -23.8587 -23.8587 1 1 0
67.8934 -23.8692 -23.8692 1 1 0
67.794 -23.8797 -23.8797 1 1 0
67.6945 -23.8903 -23.8903 1 1 0
67.5951 -23.9009 -23.9009 1 1 0
67.4956 -23.9114 -23.9114 1 1 0
67.3962 -23.922 -23.922 1 1 0
67.2968 -23.9326 -23.9326 1 1 0
67.1973 -23.9431 -23.9431 1 1 0
67.0979 -23.9537 -23.9537 1 1 0
66.9984 -23.9643 -23.9643 1 1 0
66.899 -23.9749 -23.9749 1 1 0
66.7996 -23.9855 -23.9855 1 1 0
66.7001 -23.9962 -23.9962 1 1 0
66.6007 -24.0068 -24.0068 1 1 0
66.5013 -24.0174 -24.0174 1 1 0
66.4018 -24.028 -24.028 1 1 0
66.3024 -24.0387 -24.0387 1 1 0
66.203 -24.0493 -24.0493 1 1 0
66.1035 -24.06 -24.06 1 1 0
66.0041 -24.0706 -24.0706 1 1 0
65.9047 -24.0813 -24.0813 1 1 0
65.8053 -24.092 -24.092 1 1 0
65.7058 -24.1026 -24.1026 1 1 0
65.6064 -24.1133 -24.1133 1 1 0
65.507 -24.124 -24.124 1 1 0
65.4075 -24.1347 -24.1347 1 1 0
65.3081 -24.1454 -24.1454 1 1 0
65.2087 -24.1561 -24.1561 1 1 0
65.1093 -24.1669 -24.1669 1 1 0
65.0099 -24.1776 -24.1776 1 1 0
64.9104 -24.1883 -24.1883 1 1 0
64.811 -24.1991 -24.1991 1 1 0
64.7116 -24.2098 -24.2098 1 1 0
64.6122 -24.2206 -24.2206 1 1 0
64.5127 -24.2313 -24.2313 1 1 0
64.4133 -24.2421 -24.2421 1 1 0
64.3139 -24.2529 -24.2529 1 1 0
64.2145 -24.2636 -24.2636 1 1 0
64.1151 -24.2744 -24.2744 1 1 0
64.0157 -24.2852 -24.2852 1 1 0
63.9162 -24.296 -24.296 1 1 0
63.8168 -24.3068 -24.3068 1 1 0
63.7174 -24.3176 -24.3176 1 1 0
63.618 -24.3285 -24.3285 1 1 0
63.5186 -24.3393 -24.3393 1 1 0
63.4192 -24.3501 -24.3501 1 1 0
63.3198 -24.361 -24.361 1 1 0
63.2204 -24.3718 -24.3718 1 1 0
63.121 -24.3827 -24.3827 1 1 0
63.0215 -24.3935 -24.3935 1 1 0
62.9221 -24.4044 -24.4044 1 1 0
62.8227 -24.4153 -24.4153 1 1 0
62.7233 -24.4262 -24.4262 1 1 0
62.6239 -24.437 -24.437 1 1 0
62.5245 -24.4479 -24.4479 1 1 0
62.4251 -24.4588 -24.4588 1 1 0
62.3257 -24.4698 -24.4698 1 1 0
62.2263 -24.4807 -24.4807 1 1 0
62.1269 -24.4916 -24.4916 1 1 0
62.0275 -24.5025 -24.5025 1 1 0
61.9281 -24.5135 -24.5135 1 1 0
61.8287 -24.5244 -24.5244 1 1 0
61.7293 -24.5354 -24.5354 1 1 0
61.6299 -24.5463 -24.5463 1 1 0
61.5305 -24.5573 -24.5573 1 1 0
61.4311 -24.5683 -24.5683 1 1 0
61.3317 -24.5793 -24.5793 1 1 0
61.2323 -24.5903 -24.5903 1 1 0
61.1329 -24.6013 -24.6013 1 1 0
61.0335 -24.6123 -24.6123 1 1 0
60.9342 -24.6233 -24.6233 1 1 0
60.8348 -24.6343 -24.6343 1 1 0
60.7354 -24.6453 -24.6453 1 1 0
60.636 -24.6564 -24.6564 1 1 0
60.5366 -24.6674 -24.6674 1 1 0
60.4372 -24.6785 -24.6785 1 1 0
60.3378 -24.6895 -24.6895 1 1 0
60.2384 -24.7006 -24.7006 1 1 0
60.1391 -24.7117 -24.7117 1 1 0
60.0397 -24.7227 -24.7227 1 1 0
59.9403 -24.7338 -24.7338 1 1 0
59.8409 -24.7449 -24.7449 1 1 0
59.7415 -24.756 -24.756 1 1 0
59.6421 -24.7671 -24.7671 1 1 0
59.5428 -24.7783 -24.7783 1 1 0
59.4434 -24.7894 -24.7894 1 1 0
59.344 -24.8005 -24.8005 1 1 0
59.2446 -24.8117 -24.8117 1 1 0
59.1452 -24.8228 -24.8228 1 1 0
59.0459 -24.834 -24.834 1 1 0
58.9465 -24.8451 -24.8451 1 1 0
58.8471 -24.8563 -24.8563 1 1 0
58.7478 -24.8675 -24.8675 1 1 0
58.6484 -24.8787 -24.8787 1 1 0
58.549 -24.8899 -24.8899 1 1 0
58.4496 -24.9011 -24.9011 1 1 0
58.3503 -24.9123 -24.9123 1 1 0
58.2509 -24.9235 -24.9235 1 1 0
58.1515 -24.9347 -24.9347 1 1 0
58.0522 -24.946 -24.946 1 1 0
57.9528 -24.9572 -24.9572 1 1 0
57.8534 -24.9685 -24.9685 1 1 0
57.7541 -24.9797 -24.9797 1 1 0
57.6547 -24.991 -24.991 1 1 0
57.5553 -25.0023 -25.0023 1 1 0
57.456 -25.0136 -25.0136 1 1 0
57.3566 -25.0248 -25.0248 1 1 0
57.2573 -25.0361 -25.0361 1 1 0
57.1579 -25.0475 -25.0475 1 1 0
57.0585 -25.0588 -25.0588 1 1 0
56.9592 -25.0701 -25.0701 1 1 0
56.8598 -25.0814 -25.0814 1 1 0
56.7605 -25.0928 -25.0928 1 1 0
56.6611 -25.1041 -25.1041 1 1 0
56.5618 -25.1155 -25.1155 1 1 0
56.4624 -25.1268 -25.1268 1 1 0
56.3631 -25.1382 -25.1382 1 1 0
56.2637 -25.1496 -25.1496 1 1 0
56.1644 -25.161 -25.161 1 1 0
56.065 -25.1724 -25.1724 1 1 0
55.9657 -25.1838 -25.1838 1 1 0
55.8663 -25.1952 -25.1952 1 1 0
55.767 -25.2066 -25.2066 1 1 0
55.6676 -25.2181 -25.2181 1 1 0
55.5683 -25.2295 -25.2295 1 1 0
55.469 -25.241 -25.241 1 1 0
55.3696 -25.2524 -25.2524 1 1 0
55.2703 -25.2639 -25.2639 1 1 0
55.1709 -25.2754 -25.2754 1 1 0
55.0716 -25.2868 -25.2868 1 1 0
54.9723 -25.2983 -25.2983 1 1 0
54.8729 -25.3098 -25.3098 1 1 0
54.7736 -25.3213 -25.3213 1 1 0
54.6743 -25.3329 -25.3329 1 1 0
54.5749 -25.3444 -25.3444 1 1 0
54.4756 -25.3559 -25.3559 1 1 0
54.3763 -25.3675 -25.3675 1 1 0
54.2769 -25.379 -25.379 1 1 0
54.1776 -25.3906 -25.3906 1 1 0
54.0783 -25.4022 -25.4022 1 1 0
53.9789 -25.4137 -25.4137 1 1 0
53.8796 -25.4253 -25.4253 1 1 0
53.7803 -25.4369 -25.4369 1 1 0
53.681 -25.4485 -25.4485 1 1 0
53.5816 -25.4602 -25.4602 1 1 0
53.4823 -25.4718 -25.4718 1 1 0
53.383 -25.4834 -25.4834 1 1 0
53.2837 -25.4951 -25.4951 1 1 0
53.1844 -25.5067 -25.5067 1 1 0
53.085 -25.5184 -25.5184 1 1 0
52.9857 -25.53 -25.53 1 1 0
52.8864 -25.5417 -25.5417 1 1 0
52.7871 -25.5534 -25.5534 1 1 0
52.6878 -25.5651 -25.5651 1 1 0
52.5885 -25.5768 -25.5768 1 1 0
52.4892 -25.5885 -25.5885 1 1 0
52.3899 -25.6003 -25.6003 1 1 0
52.2905 -25.612 -25.612 1 1 0
52.1912 -25.6237 -25.6237 1 1 0
52.0919 -25.6355 -25.6355 1 1 0
51.9926 -25.6473 -25.6473 1 1 0
51.8933 -25.659 -25.659 1 1 0
51.794 -25.6708 -25.6708 1 1 0
51.6947 -25.6826 -25.6826 1 1 0
51.5954 -25.6944 -25.6944 1 1 0
51.4961 -25.7062 -25.7062 1 1 0
51.3968 -25.718 -25.718 1 1 0
51.2975 -25.7299 -25.7299 1 1 0
51.1982 -25.7417 -25.7417 1 1 0
51.0989 -25.7536 -25.7536 1 1 0
50.9996 -25.7654 -25.7654 1 1 0
50.9003 -25.7773 -25.7773 1 1 0
50.801 -25.7892 -25.7892 1 1 0
50.7018 -25.801 -25.801 1 1 0
50.6025 -25.8129 -25.8129 1 1 0
50.5032 -25.8249 -25.8249 1 1 0
50.4039 -25.8368 -25.8368 1 1 0
50.3046 -25.8487 -25.8487 1 1 0
50.2053 -25.8606 -25.8606 1 1 0
50.106 -25.8726 -25.8726 1 1 0
50.0068 -25.8845 -25.8845 1 1 0
49.9075 -25.8965 -25.8965 1 1 0
49.8082 -25.9085 -25.9085 1 1 0
49.7089 -25.9205 -25.9205 1 1 0
49.6096 -25.9325 -25.9325 1 1 0
49.5104 -25.9445 -25.9445 1 1 0
49.4111 -25.9565 -25.9565 1 1 0
49.3118 -25.9685 -25.9685 1 1 0
49.2125 -25.9806 -25.9806 1 1 0
49.1133 -25.9926 -25.9926 1 1 0
49.014 -26.0047 -26.0047 1 1 0
48.9147 -26.0167 -26.0167 1 1 0
48.8155 -26.0288 -26.0288 1 1 0
48.7162 -26.0409 -26.0409 1 1 0
48.6169 -26.053 -26.053 1 1 0
48.5177 -26.0651 -26.0651 1 1 0
48.4184 -26.0772 -26.0772 1 1 0
48.3191 -26.0894 -26.0894 1 1 0
48.2199 -26.1015 -26.1015 1 1 0
48.1206 -26.1137 -26.1137 1 1 0
48.0214 -26.1258 -26.1258 1 1 0
47.9221 -26.138 -26.138 1 1 0
47.8229 -26.1502 -26.1502 1 1 0
47.7236 -26.1624 -26.1624 1 1 0
47.6243 -26.1746 -26.1746 1 1 0
47.5251 -26.1868 -26.1868 1 1 0
47.4258 -26.199 -26.199 1 1 0
47.3266 -26.2113 -26.2113 1 1 0
47.2274 -26.2235 -26.2235 1 1 0
47.1281 -26.2358 -26.2358 1 1 0
47.0289 -26.248 -26.248 1 1 0
46.9296 -26.2603 -26.2603 1 1 0
46.8304 -26.2726 -26.2726 1 1 0
46.7311 -26.2849 -26.2849 1 1 0
46.6319 -26.2972 -26.2972 1 1 0
46.5327 -26.3095 -26.3095 1 1 0
46.4334 -26.3219 -26.3219 1 1 0
46.3342 -26.3342 -26.3342 1 1 0
46.235 -26.3466 -26.3466 1 1 0
46.1357 -26.359 -26.359 1 1 0
46.0365 -26.3713 -26.3713 1 1 0
45.9373 -26.3837 -26.3837 1 1 0
45.838 -26.3961 -26.3961 1 1 0
45.7388 -26.4086 -26.4086 1 1 0
45.6396 -26.421 -26.421 1 1 0
45.5404 -26.4334 -26.4334 1 1 0
45.4411 -26.4459 -26.4459 1 1 0
45.3419 -26.4583 -26.4583 1 1 0
45.2427 -26.4708 -26.4708 1 1 0
45.1435 -26.4833 -26.4833 1 1 0
45.0443 -26.4958 -26.4958 1 1 0
44.9451 -26.5083 -26.5083 1 1 0
44.8458 -26.5208 -26.5208 1 1 0
44.7466 -26.5333 -26.5333 1 1 0
44.6474 -26.5459 -26.5459 1 1 0
44.5482 -26.5584 -26.5584 1 1 0
44.449 -26.571 -26.571 1 1 0
44.3498 -26.5836 -26.5836 1 1 0
44.2506 -26.5962 -26.5962 1 1 0
44.1514 -26.6088 -26.6088 1 1 0
44.0522 -26.6214 -26.6214 1 1 0
43.953 -26.634 -26.634 1 1 0
43.8538 -26.6466 -26.6466 1 1 0
43.7546 -26.6593 -26.6593 1 1 0
43.6554 -26.672 -26.672 1 1 0
43.5562 -26.6846 -26.6846 1 1 0
43.457 -26.6973 -26.6973 1 1 0
43.3578 -26.71 -26.71 1 1 0
43.2586 -26.7227 -26.7227 1 1 0
43.1595 -26.7355 -26.7355 1 1 0
43.0603 -26.7482 -26.7482 1 1 0
42.9611 -26.7609 -26.7609 1 1 0
42.8619 -26.7737 -26.7737 1 1 0
42.7627 -26.7865 -26.7865 1 1 0
42.6635 -26.7993 -26.7993 1 1 0
42.5644 -26.8121 -26.8121 1 1 0
42.4652 -26.8249 -26.8249 1 1 0
42.366 -26.8377 -26.8377 1 1 0
42.2668 -26.8505 -26.8505 1 1 0
42.1677 -26.8634 -26.8634 1 1 0
42.0685 -26.8762 -26.8762 1 1 0
41.9693 -26.8891 -26.8891 1 1 0
41.8702 -26.902 -26.902 1 1 0
41.771 -26.9149 -26.9149 1 1 0
41.6718 -26.9278 -26.9278 1 1 0
41.5727 -26.9407 -26.9407 1 1 0
41.4735 -26.9537 -26.9537 1 1 0
41.3744 -26.9666 -26.9666 1 1 0
41.2752 -26.9796 -26.9796 1 1 0
41.1761 -26.9926 -26.9926 1 1 0
41.0769 -27.0056 -27.0056 1 1 0
40.9777 -27.0186 -27.0186 1 1 0
40.8786 -27.0316 -27.0316 1 1 0
40.7795 -27.0446 -27.0446 1 1 0
40.6803 -27.0577 -27.0577 1 1 0
40.5812 -27.0707 -27.0707 1 1 0
40.482 -27.0838 -27.0838 1 1 0
40.3829 -27.0969 -27.0969 1 1 0
40.2837 -27.11 -27.11 1 1 0
40.1846 -27.1231 -27.1231 1 1 0
40.0855 -27.1362 -27.1362 1 1 0
39.9863 -27.1494 -27.1494 1 1 0
39.8872 -27.1625 -27.1625 1 1 0
39.7881 -27.1757 -27.1757 1 1 0
39.689 -27.1889 -27.1889 1 1 0
39.5898 -27.2021 -27.2021 1 1 0
39.4907 -27.2153 -27.2153 1 1 0
39.3916 -27.2285 -27.2285 1 1 0
39.2925 -27.2418 -27.2418 1 1 0
39.1933 -27.255 -27.255 1 1 0
39.0942 -27.2683 -27.2683 1 1 0
38.9951 -27.2816 -27.2816 1 1 0
38.896 -27.2949 -27.2949 1 1 0
38.7969 -27.3082 -27.3082 1 1 0
38.6978 -27.3215 -27.3215 1 1 0
38.5987 -27.3349 -27.3349 1 1 0
38.4996 -27.3482 -27.3482 1 1 0
38.4005 -27.3616 -27.3616 1 1 0
38.3014 -27.375 -27.375 1 1 0
38.2023 -27.3884 -27.3884 1 1 0
38.1032 -27.4018 -27.4018 1 1 0
38.0041 -27.4152 -27.4152 1 1 0
37.905 -27.4286 -27.4286 1 1 0
37.8059 -27.4421 -27.4421 1 1 0
37.7068 -27.4556 -27.4556 1 1 0
37.6077 -27.4691 -27.4691 1 1 0
37.5087 -27.4826 -27.4826 1 1 0
37.4096 -27.4961 -27.4961 1 1 0
37.3105 -27.5096 -27.5096 1 1 0
37.2114 -27.5232 -27.5232 1 1 0
37.1123 -27.5367 -27.5367 1 1 0
37.0133 -27.5503 -27.5503 1 1 0
36.9142 -27.5639 -27.5639 1 1 0
36.8151 -27.5775 -27.5775 1 1 0
36.7161 -27.5911 -27.5911 1 1 0
36.617 -27.6048 -27.6048 1 1 0
36.5179 -27.6184 -27.6184 1 1 0
36.4189 -27.6321 -27.6321 1 1 0
36.3198 -27.6458 -27.6458 1 1 0
36.2208 -27.6595 -27.6595 1 1 0
36.1217 -27.6732 -27.6732 1 1 0
36.0226 -27.687 -27.687 1 1 0
35.9236 -27.7007 -27.7007 1 1 0
35.8245 -27.7145 -27.7145 1 1 0
35.7255 -27.7283 -27.7283 1 1 0
35.6265 -27.7421 -27.7421 1 1 0
35.5274 -27.7559 -27.7559 1 1 0
35.4284 -27.7697 -27.7697 1 1 0
35.3293 -27.7836 -27.7836 1 1 0
35.2303 -27.7975 -27.7975 1 1 0
35.1313 -27.8113 -27.8113 1 1 0
35.0323 -27.8252 -27.8252 1 1 0
34.9332 -27.8392 -27.8392 1 1 0
34.8342 -27.8531 -27.8531 1 1 0
34.7352 -27.867 -27.867 1 1 0
34.6362 -27.881 -27.881 1 1 0
34.5371 -27.895 -27.895 1 1 0
34.4381 -27.909 -27.909 1 1 0
34.3391 -27.923 -27.923 1 1 0
34.2401 -27.937 -27.937 1 1 0
34.1411 -27.9511 -27.9511 1 1 0
34.0421 -27.9652 -27.9652 1 1 0
33.9431 -27.9793 -27.9793 1 1 0
33.8441 -27.9934 -27.9934 1 1 0
33.7451 -28.0075 -28.0075 1 1 0
33.6461 -28.0216 -28.0216 1 1 0
33.5471 -28.0358 -28.0358 1 1 0
33.4481 -28.05 -28.05 1 1 0
33.3491 -28.0641 -28.0641 1 1 0
33.2501 -28.0784 -28.0784 1 1 0
33.1512 -28.0926 -28.0926 1 1 0
33.0522 -28.1068 -28.1068 1 1 0
32.9532 -28.1211 -28.1211 1 1 0
32.8542 -28.1354 -28.1354 1 1 0
32.7553 -28.1497 -28.1497 1 1 0
32.6563 -28.164 -28.164 1 1 0
32.5573 -28.1783 -28.1783 1 1 0
32.4584 -28.1927 -28.1927 1 1 0
32.3594 -28.2071 -28.2071 1 1 0
32.2604 -28.2215 -28.2215 1 1 0
32.1615 -28.2359 -28.2359 1 1 0
32.0625 -28.2503 -28.2503 1 1 0
31.9636 -28.2648 -28.2648 1 1 0
31.8646 -28.2792 -28.2792 1 1 0
31.7657 -28.2937 -28.2937 1 1 0
31.6667 -28.3082 -28.3082 1 1 0
31.5678 -28.3227 -28.3227 1 1 0
31.4689 -28.3373 -28.3373 1 1 0
31.3699 -28.3518 -28.3518 1 1 0
31.271 -28.3664 -28.3664 1 1 0
31.1721 -28.381 -28.381 1 1 0
31.0732 -28.3957 -28.3957 1 1 0
30.9742 -28.4103 -28.4103 1 1 0
30.8753 -28.425 -28.425 1 1 0
30.7764 -28.4396 -28.4396 1 1 0
30.6775 -28.4543 -28.4543 1 1 0
30.5786 -28.4691 -28.4691 1 1 0
30.4797 -28.4838 -28.4838 1 1 0
30.3808 -28.4986 -28.4986 1 1 0
30.2819 -28.5134 -28.5134 1 1 0
30.183 -28.5282 -28.5282 1 1 0
30.0841 -28.543 -28.543 1 1 0
29.9852 -28.5578 -28.5578 1 1 0
29.8863 -28.5727 -28.5727 1 1 0
29.7874 -28.5876 -28.5876 1 1 0
29.6885 -28.6025 -28.6025 1 1 0
29.5896 -28.6174 -28.6174 1 1 0
29.4908 -28.6324 -28.6324 1 1 0
29.3919 -28.6473 -28.6473 1 1 0
29.293 -28.6623 -28.6623 1 1 0
29.1941 -28.6773 -28.6773 1 1 0
29.0953 -28.6924 -28.6924 1 1 0
28.9964 -28.7074 -28.7074 1 1 0
28.8976 -28.7225 -28.7225 1 1 0
28.7987 -28.7376 -28.7376 1 1 0
28.6999 -28.7527 -28.7527 1 1 0
28.601 -28.7678 -28.7678 1 1 0
28.5022 -28.783 -28.783 1 1 0
28.4033 -28.7982 -28.7982 1 1 0
28.3045 -28.8134 -28.8134 1 1 0
28.2057 -28.8286 -28.8286 1 1 0
28.1068 -28.8439 -28.8439 1 1 0
28.008 -28.8592 -28.8592 1 1 0
27.9092 -28.8744 -28.8744 1 1 0
27.8104 -28.8898 -28.8898 1 1 0
27.7116 -28.9051 -28.9051 1 1 0
27.6127 -28.9205 -28.9205 1 1 0
27.5139 -28.9359 -28.9359 1 1 0
27.4151 -28.9513 -28.9513 1 1 0
27.3163 -28.9667 -28.9667 1 1 0
27.2175 -28.9822 -28.9822 1 1 0
27.1187 -28.9976 -28.9976 1 1 0
27.0199 -29.0132 -29.0132 1 1 0
26.9212 -29.0287 -29.0287 1 1 0
26.8224 -29.0442 -29.0442 1 1 0
26.7236 -29.0598 -29.0598 1 1 0
26.6248 -29.0754 -29.0754 1 1 0
26.526 -29.091 -29.091 1 1 0
26.4273 -29.1067 -29.1067 1 1 0
26.3285 -29.1224 -29.1224 1 1 0
26.2298 -29.138 -29.138 1 1 0
26.131 -29.1538 -29.1538 1 1 0
26.0322 -29.1695 -29.1695 1 1 0
25.9335 -29.1853 -29.1853 1 1 0
25.8348 -29.2011 -29.2011 1 1 0
25.736 -29.2169 -29.2169 1 1 0
25.6373 -29.2328 -29.2328 1 1 0
25.5385 -29.2486 -29.2486 1 1 0
25.4398 -29.2645 -29.2645 1 1 0
25.3411 -29.2804 -29.2804 1 1 0
25.2424 -29.2964 -29.2964 1 1 0
25.1437 -29.3124 -29.3124 1 1 0
25.1294 -29.3147 -29.3147 2 1 0
25.0307 -29.3307 -29.3307 2 1 0
24.932 -29.3467 -29.3467 2 1 0
24.8333 -29.3628 -29.3628 2 1 0
24.7346 -29.3788 -29.3788 2 1 0
24.6359 -29.395 -29.395 2 1 0
24.5372 -29.4111 -29.4111 2 1 0
24.4385 -29.4273 -29.4273 2 1 0
24.3399 -29.4434 -29.4434 2 1 0
24.2412 -29.4597 -29.4597 2 1 0
24.1425 -29.4759 -29.4759 2 1 0
24.0438 -29.4922 -29.4922 2 1 0
23.9452 -29.5085 -29.5085 2 1 0
23.8465 -29.5248 -29.5248 2 1 0
23.7479 -29.5412 -29.5412 2 1 0
23.6492 -29.5575 -29.5575 2 1 0
23.5506 -29.5739 -29.5739 2 1 0
23.4519 -29.5904 -29.5904 2 1 0
23.3533 -29.6069 -29.6069 2 1 0
23.2547 -29.6233 -29.6233 2 1 0
23.156 -29.6399 -29.6399 2 1 0
23.0574 -29.6564 -29.6564 2 1 0
22.9588 -29.673 -29.673 2 1 0
22.8602 -29.6896 -29.6896 2 1 0
22.7616 -29.7063 -29.7063 2 1 0
22.663 -29.7229 -29.7229 2 1 0
22.5644 -29.7396 -29.7396 2 1 0
22.4658 -29.7564 -29.7564 2 1 0
22.3672 -29.7731 -29.7731 2 1 0
22.2686 -29.7899 -29.7899 2 1 0
22.1701 -29.8067 -29.8067 2 1 0
22.0715 -29.8236 -29.8236 2 1 0
21.9729 -29.8404 -29.8404 2 1 0
21.8744 -29.8574 -29.8574 2 1 0
21.7758 -29.8743 -29.8743 2 1 0
21.6773 -29.8913 -29.8913 2 1 0
21.5787 -29.9083 -29.9083 2 1 0
21.4802 -29.9253 -29.9253 2 1 0
21.3817 -29.9424 -29.9424 2 1 0
21.2831 -29.9595 -29.9595 2 1 0
21.1846 -29.9766 -29.9766 2 1 0
21.0861 -29.9938 -29.9938 2 1 0
20.9876 -30.011 -30.011 2 1 0
20.8891 -30.0282 -30.0282 2 1 0
20.7906 -30.0455 -30.0455 2 1 0
20.6921 -30.0628 -30.0628 2 1 0
20.5936 -30.0801 -30.0801 2 1 0
20.4951 -30.0974 -30.0974 2 1 0
20.3966 -30.1148 -30.1148 2 1 0
20.2982 -30.1323 -30.1323 2 1 0
20.1997 -30.1497 -30.1497 2 1 0
20.1012 -30.1672 -30.1672 2 1 0
20.0028 -30.1847 -30.1847 2 1 0
19.9044 -30.2023 -30.2023 2 1 0
19.8059 -30.2199 -30.2199 2 1 0
19.7075 -30.2375 -30.2375 2 1 0
19.6091 -30.2552 -30.2552 2 1 0
19.5106 -30.2729 -30.2729 2 1 0
19.4122 -30.2907 -30.2907 2 1 0
19.3138 -30.3084 -30.3084 2 1 0
19.2154 -30.3262 -30.3262 2 1 0
19.117 -30.3441 -30.3441 2 1 0
19.0186 -30.362 -30.362 2 1 0
18.9202 -30.3799 -30.3799 2 1 0
18.8219 -30.3978 -30.3978 2 1 0
18.7235 -30.4158 -30.4158 2 1 0
18.6251 -30.4339 -30.4339 2 1 0
18.5268 -30.4519 -30.4519 2 1 0
18.4284 -30.47 -30.47 2 1 0
18.3301 -30.4882 -30.4882 2 1 0
18.2318 -30.5064 -30.5064 2 1 0
18.1334 -30.5246 -30.5246 2 1 0
18.0351 -30.5429 -30.5429 2 1 0
17.9368 -30.5612 -30.5612 2 1 0
17.8385 -30.5795 -30.5795 2 1 0
17.7402 -30.5979 -30.5979 2 1 0
17.6419 -30.6163 -30.6163 2 1 0
17.5436 -30.6347 -30.6347 2 1 0
17.4454 -30.6532 -30.6532 2 1 0
17.3471 -30.6718 -30.6718 2 1 0
17.2488 -30.6904 -30.6904 2 1 0
17.1506 -30.709 -30.709 2 1 0
17.0524 -30.7276 -30.7276 2 1 0
16.9541 -30.7463 -30.7463 2 1 0
16.8559 -30.7651 -30.7651 2 1 0
16.7577 -30.7839 -30.7839 2 1 0
16.6595 -30.8027 -30.8027 2 1 0
16.5613 -30.8216 -30.8216 2 1 0
16.4631 -30.8405 -30.8405 2 1 0
16.3649 -30.8594 -30.8594 2 1 0
16.2667 -30.8784 -30.8784 2 1 0
16.1685 -30.8975 -30.8975 2 1 0
16.0704 -30.9166 -30.9166 2 1 0
15.9722 -30.9357 -30.9357 2 1 0
15.8741 -30.9549 -30.9549 2 1 0
15.7759 -30.9741 -30.9741 2 1 0
15.6778 -30.9934 -30.9934 2 1 0
15.5797 -31.0127 -31.0127 2 1 0
15.4816 -31.032 -31.032 2 1 0
15.3835 -31.0515 -31.0515 2 1 0
15.2854 -31.0709 -31.0709 2 1 0
15.1873 -31.0904 -31.0904 2 1 0
15.0893 -31.11 -31.11 2 1 0
14.9912 -31.1295 -31.1295 2 1 0
14.8931 -31.1492 -31.1492 2 1 0
14.7951 -31.1689 -31.1689 2 1 0
14.6971 -31.1886 -31.1886 2 1 0
14.599 -31.2084 -31.2084 2 1 0
14.501 -31.2282 -31.2282 2 1 0
14.403 -31.2481 -31.2481 2 1 0
14.305 -31.2681 -31.2681 2 1 0
14.2071 -31.2881 -31.2881 2 1 0
14.1091 -31.3081 -31.3081 2 1 0
14.0111 -31.3282 -31.3282 2 1 0
13.9132 -31.3483 -31.3483 2 1 0
13.8152 -31.3685 -31.3685 2 1 0
13.7173 -31.3888 -31.3888 2 1 0
13.6194 -31.4091 -31.4091 2 1 0
13.5215 -31.4294 -31.4294 2 1 0
13.4236 -31.4498 -31.4498 2 1 0
13.3257 -31.4703 -31.4703 2 1 0
13.2278 -31.4908 -31.4908 2 1 0
13.13 -31.5114 -31.5114 2 1 0
13.0321 -31.532 -31.532 2 1 0
12.9343 -31.5527 -31.5527 2 1 0
12.8365 -31.5734 -31.5734 2 1 0
12.7386 -31.5942 -31.5942 2 1 0
12.6408 -31.615 -31.615 2 1 0
12.543 -31.6359 -31.6359 2 1 0
12.4453 -31.6569 -31.6569 2 1 0
12.3475 -31.6779 -31.6779 2 1 0
12.2497 -31.699 -31.699 2 1 0
12.152 -31.7201 -31.7201 2 1 0
12.0543 -31.7413 -31.7413 2 1 0
11.9566 -31.7626 -31.7626 2 1 0
11.8589 -31.7839 -31.7839 2 1 0
11.7612 -31.8053 -31.8053 2 1 0
11.6635 -31.8267 -31.8267 2 1 0
11.5658 -31.8482 -31.8482 2 1 0
11.4682 -31.8698 -31.8698 2 1 0
11.3706 -31.8914 -31.8914 2 1 0
11.2729 -31.9131 -31.9131 2 1 0
11.1753 -31.9349 -31.9349 2 1 0
11.0778 -31.9567 -31.9567 2 1 0
10.9802 -31.9786 -31.9786 2 1 0
10.8826 -32.0005 -32.0005 2 1 0
10.7851 -32.0226 -32.0226 2 1 0
10.6875 -32.0446 -32.0446 2 1 0
10.59 -32.0668 -32.0668 2 1 0
10.4925 -32.089 -32.089 2 1 0
10.395 -32.1113 -32.1113 2 1 0
10.2976 -32.1337 -32.1337 2 1 0
10.2001 -32.1561 -32.1561 2 1 0
10.1027 -32.1786 -32.1786 2 1 0
10.0053 -32.2012 -32.2012 2 1 0
9.90787 -32.2238 -32.2238 2 1 0
9.81049 -32.2465 -32.2465 2 1 0
9.71312 -32.2693 -32.2693 2 1 0
9.61577 -32.2922 -32.2922 2 1 0
9.51844 -32.3151 -32.3151 2 1 0
9.42112 -32.3381 -32.3381 2 1 0
9.32382 -32.3612 -32.3612 2 1 0
9.22654 -32.3844 -32.3844 2 1 0
9.12928 -32.4076 -32.4076 2 1 0
9.03204 -32.4309 -32.4309 2 1 0
8.93482 -32.4543 -32.4543 2 1 0
8.83761 -32.4778 -32.4778 2 1 0
8.74043 -32.5014 -32.5014 2 1 0
8.64326 -32.525 -32.525 2 1 0
8.54612 -32.5487 -32.5487 2 1 0
8.44899 -32.5725 -32.5725 2 1 0
8.35189 -32.5964 -32.5964 2 1 0
8.25481 -32.6204 -32.6204 2 1 0
8.15774 -32.6445 -32.6445 2 1 0
8.0607 -32.6686 -32.6686 2 1 0
7.96368 -32.6928 -32.6928 2 1 0
7.86668 -32.7171 -32.7171 2 1 0
7.76971 -32.7415 -32.7415 2 1 0
7.67276 -32.766 -32.766 2 1 0
7.57583 -32.7906 -32.7906 2 1 0
7.47892 -32.8153 -32.8153 2 1 0
7.38203 -32.8401 -32.8401 2 1 0
7.28517 -32.8649 -32.8649 2 1 0
7.18834 -32.8899 -32.8899 2 1 0
7.09153 -32.9149 -32.9149 2 1 0
6.99474 -32.9401 -32.9401 2 1 0
6.89798 -32.9653 -32.9653 2 1 0
6.80125 -32.9907 -32.9907 2 1 0
6.70454 -33.0161 -33.0161 2 1 0
6.60785 -33.0416 -33.0416 2 1 0
6.5112 -33.0673 -33.0673 2 1 0
6.41457 -33.093 -33.093 2 1 0
6.31797 -33.1189 -33.1189 2 1 0
6.22139 -33.1448 -33.1448 2 1 0
6.12485 -33.1709 -33.1709 2 1 0
6.02833 -33.197 -33.197 2 1 0
5.93185 -33.2233 -33.2233 2 1 0
5.83539 -33.2497 -33.2497 2 1 0
5.73896 -33.2762 -33.2762 2 1 0
5.64257 -33.3028 -33.3028 2 1 0
5.5462 -33.3295 -33.3295 2 1 0
5.44987 -33.3563 -33.3563 2 1 0
5.35357 -33.3833 -33.3833 2 1 0
5.2573 -33.4103 -33.4103 2 1 0
5.16107 -33.4375 -33.4375 2 1 0
5.06487 -33.4648 -33.4648 2 1 0
4.9687 -33.4922 -33.4922 2 1 0
4.87257 -33.5198 -33.5198 2 1 0
4.77648 -33.5474 -33.5474 2 1 0
4.68042 -33.5752 -33.5752 2 1 0
4.5844 -33.6032 -33.6032 2 1 0
4.48841 -33.6312 -33.6312 2 1 0
4.39247 -33.6594 -33.6594 2 1 0
4.29656 -33.6877 -33.6877 2 1 0
4.20069 -33.7162 -33.7162 2 1 0
4.10487 -33.7447 -33.7447 2 1 0
4.00908 -33.7735 -33.7735 2 1 0
3.91334 -33.8023 -33.8023 2 1 0
3.81763 -33.8313 -33.8313 2 1 0
3.72198 -33.8605 -33.8605 2 1 0
3.62636 -33.8898 -33.8898 2 1 0
3.53079 -33.9192 -33.9192 2 1 0
3.43527 -33.9488 -33.9488 2 1 0
3.33979 -33.9785 -33.9785 2 1 0
3.24436 -34.0084 -34.0084 2 1 0
3.14898 -34.0384 -34.0384 2 1 0
3.05365 -34.0686 -34.0686 2 1 0
2.95837 -34.099 -34.099 2 1 0
2.86314 -34.1295 -34.1295 2 1 0
2.76797 -34.1602 -34.1602 2 1 0
2.67284 -34.191 -34.191 2 1 0
2.57778 -34.222 -34.222 2 1 0
2.48276 -34.2532 -34.2532 2 1 0
2.38781 -34.2846 -34.2846 2 1 0
2.29291 -34.3161 -34.3161 2 1 0
2.19807 -34.3478 -34.3478 2 1 0
2.10329 -34.3797 -34.3797 2 1 0
2.00858 -34.4118 -34.4118 2 1 0
1.91392 -34.444 -34.444 2 1 0
1.81934 -34.4765 -34.4765 2 1 0
1.72481 -34.5091 -34.5091 2 1 0
1.63036 -34.5419 -34.5419 2 1 0
1.53597 -34.575 -34.575 2 1 0
1.44166 -34.6082 -34.6082 2 1 0
1.34741 -34.6416 -34.6416 2 1 0
1.25324 -34.6753 -34.6753 2 1 0
1.15915 -34.7091 -34.7091 2 1 0
1.06513 -34.7432 -34.7432 2 1 0
0.971196 -34.7775 -34.7775 2 1 0
0.87734 -34.812 -34.812 2 1 0
0.783566 -34.8467 -34.8467 2 1 0
0.689878 -34.8817 -34.8817 2 1 0
0.596276 -34.9169 -34.9169 2 1 0
0.502763 -34.9523 -34.9523 2 1 0
0.409342 -34.988 -34.988 2 1 0
0.316015 -35.0239 -35.0239 2 1 0
0.222784 -35.06 -35.06 2 1 0
0.129651 -35.0965 -35.0965 2 1 0
0.0366202 -35.1331 -35.1331 2 1 0
-0.0563072 -35.1701 -35.1701 2 1 0
-0.149128 -35.2073 -35.2073 2 1 0
-0.241839 -35.2447 -35.2447 2 1 0
-0.334438 -35.2825 -35.2825 2 1 0
-0.426921 -35.3205 -35.3205 2 1 0
-0.519285 -35.3588 -35.3588 2 1 0
-0.611528 -35.3975 -35.3975 2 1 0
-0.703644 -35.4364 -35.4364 2 1 0
-0.795632 -35.4756 -35.4756 2 1 0
-0.887486 -35.5151 -35.5151 2 1 0
-0.979204 -35.555 -35.555 2 1 0
-1.07078 -35.5951 -35.5951 2 1 0
-1.16221 -35.6356 -35.6356 2 1 0
-1.25349 -35.6765 -35.6765 2 1 0
-1.34462 -35.7176 -35.7176 2 1 0
-1.43559 -35.7592 -35.7592 2 1 0
-1.5264 -35.801 -35.801 2 1 0
-1.61703 -35.8433 -35.8433 2 1 0
-1.70749 -35.8859 -35.8859 2 1 0
-1.79777 -35.9289 -35.9289 2 1 0
-1.88787 -35.9723 -35.9723 2 1 0
-1.97777 -36.0161 -36.0161 2 1 0
-2.06747 -36.0603 -36.0603 2 1 0
-2.15697 -36.1049 -36.1049 2 1 0
-2.24626 -36.1499 -36.1499 2 1 0
-2.33532 -36.1954 -36.1954 2 1 0
-2.42416 -36.2413 -36.2413 2 1 0
-2.51276 -36.2876 -36.2876 2 1 0
-2.60111 -36.3345 -36.3345 2 1 0
-2.68922 -36.3818 -36.3818 2 1 0
-2.77705 -36.4296 -36.4296 2 1 0
-2.86462 -36.4779 -36.4779 2 1 0
-2.9519 -36.5267 -36.5267 2 1 0
-3.03889 -36.576 -36.576 2 1 0
-3.12557 -36.6258 -36.6258 2 1 0
-3.21193 -36.6762 -36.6762 2 1 0
-3.29796 -36.7272 -36.7272 2 1 0
-3.38365 -36.7788 -36.7788 2 1 0
-3.46898 -36.8309 -36.8309 2 1 0
-3.55393 -36.8837 -36.8837 2 1 0
-3.63849 -36.937 -36.937 2 1 0
-3.72265 -36.991 -36.991 2 1 0
-3.80638 -37.0457 -37.0457 2 1 0
-3.88967 -37.101 -37.101 2 1 0
-3.9725 -37.1571 -37.1571 2 1 0
-4.05485 -37.2138 -37.2138 2 1 0
-4.13669 -37.2713 -37.2713 2 1 0
-4.21799 -37.3295 -37.3295 2 1 0
-4.29875 -37.3885 -37.3885 2 1 0
-4.37892 -37.4482 -37.4482 2 1 0
-4.45848 -37.5088 -37.5088 2 1 0
-4.53741 -37.5702 -37.5702 2 1 0
-4.61567 -37.6324 -37.6324 2 1 0
-4.69323 -37.6955 -37.6955 2 1 0
-4.77006 -37.7595 -37.7595 2 1 0
-4.84611 -37.8245 -37.8245 2 1 0
-4.92135 -37.8903 -37.8903 2 1 0
-4.99573 -37.9571 -37.9571 2 1 0
-5.06922 -38.0249 -38.0249 2 1 0
-5.14176 -38.0938 -38.0938 2 1 0
-5.21331 -38.1636 -38.1636 2 1 0
-5.28381 -38.2345 -38.2345 2 1 0
-5.35322 -38.3065 -38.3065 2 1 0
-5.42147 -38.3796 -38.3796 2 1 0
-5.48849 -38.4538 -38.4538 2 1 0
-5.55424 -38.5291 -38.5291 2 1 0
-5.61864 -38.6056 -38.6056 2 1 0
-5.68162 -38.6833 -38.6833 2 1 0
-5.74312 -38.7621 -38.7621 2 1 0
-5.80304 -38.8421 -38.8421 2 1 0
-5.86133 -38.9234 -38.9234 2 1 0
-5.91789 -39.0058 -39.0058 2 1 0
-5.97265 -39.0895 -39.0895 2 1 0
-6.02552 -39.1744 -39.1744 2 1 0
-6.07642 -39.2604 -39.2604 2 1 0
-6.12527 -39.3477 -39.3477 2 1 0
-6.17197 -39.4361 -39.4361 2 1 0
-6.21646 -39.5256 -39.5256 2 1 0
-6.25864 -39.6163 -39.6163 2 1 0
-6.29844 -39.708 -39.708 2 1 0
-6.3358 -39.8007 -39.8007 2 1 0
-6.37063 -39.8944 -39.8944 2 1 0
-6.40289 -39.9891 -39.9891 2 1 0
-6.43251 -40.0846 -40.0846 2 1 0
-6.45945 -40.1808 -40.1808 2 1 0
-6.48368 -40.2778 -40.2778 2 1 0
-6.50517 -40.3755 -40.3755 2 1 0
-6.5239 -40.4737 -40.4737 2 1 0
-6.53987 -40.5724 -40.5724 2 1 0
-6.55308 -40.6715 -40.6715 2 1 0
-6.56354 -40.7709 -40.7709 2 1 0
-6.57128 -40.8706 -40.8706 2 1 0
-6.57634 -40.9705 -40.9705 2 1 0
-6.57876 -41.0704 -41.0704 2 1 0
-6.579 -41.1135 -41.1135 2 1 0
-6.57773 -41.2135 -41.2135 2 1 0
-6.57395 -41.3134 -41.3134 2 1 0
-6.56773 -41.4132 -41.4132 2 1 0
-6.55914 -41.5128 -41.5128 2 1 0
-6.54825 -41.6122 -41.6122 2 1 0
-6.53515 -41.7113 -41.7113 2 1 0
-6.51991 -41.8101 -41.8101 2 1 0
-6.50261 -41.9086 -41.9086 2 1 0
-6.48334 -42.0067 -42.0067 2 1 0
-6.46217 -42.1044 -42.1044 2 1 0
-6.43918 -42.2017 -42.2017 2 1 0
-6.41445 -42.2985 -42.2985 2 1 0
-6.38806 -42.395 -42.395 2 1 0
-6.36009 -42.491 -42.491 2 1 0
-6.33061 -42.5865 -42.5865 2 1 0
-6.29968 -42.6816 -42.6816 2 1 0
-6.26738 -42.7762 -42.7762 2 1 0
-6.23377 -42.8703 -42.8703 2 1 0
-6.19892 -42.964 -42.964 2 1 0
-6.16288 -43.0573 -43.0573 2 1 0
-6.12572 -43.1501 -43.1501 2 1 0
-6.08749 -43.2425 -43.2425 2 1 0
-6.04825 -43.3344 -43.3344 2 1 0
-6.00804 -43.426 -43.426 2 1 0
-5.96691 -43.5171 -43.5171 2 1 0
-5.92492 -43.6078 -43.6078 2 1 0
-5.88211 -43.6982 -43.6982 2 1 0
-5.83851 -43.7882 -43.7882 2 1 0
-5.79417 -43.8778 -43.8778 2 1 0
-5.74914 -43.967 -43.967 2 1 0
-5.70343 -44.0559 -44.0559 2 1 0
-5.6571 -44.1445 -44.1445 2 1 0
-5.61017 -44.2328 -44.2328 2 1 0
-5.56269 -44.3208 -44.3208 2 1 0
-5.51466 -44.4085 -44.4085 2 1 0
-5.46614 -44.4959 -44.4959 2 1 0
-5.41715 -44.583 -44.583 2 1 0
-5.3677 -44.6699 -44.6699 2 1 0
-5.31784 -44.7566 -44.7566 2 1 0
-5.26759 -44.843 -44.843 2 1 0
-5.21696 -44.9292 -44.9292 2 1 0
-5.16598 -45.0152 -45.0152 2 1 0
-5.11468 -45.1011 -45.1011 2 1 0
-5.06308 -45.1867 -45.1867 2 1 0
-5.01119 -45.2721 -45.2721 2 1 0
-4.95903 -45.3574 -45.3574 2 1 0
-4.90664 -45.4426 -45.4426 2 1 0
-4.85401 -45.5276 -45.5276 2 1 0
-4.80118 -45.6125 -45.6125 2 1 0
-4.74816 -45.6972 -45.6972 2 1 0
-4.69496 -45.7819 -45.7819 2 1 0
-4.64161 -45.8664 -45.8664 2 1 0
-4.58811 -45.9509 -45.9509 2 1 0
-4.53449 -46.0352 -46.0352 2 1 0
-4.48076 -46.1195 -46.1195 2 1 0
-4.42693 -46.2038 -46.2038 2 1 0
-4.37301 -46.288 -46.288 2 1 0
-4.31903 -46.3721 -46.3721 2 1 0
-4.26499 -46.4562 -46.4562 2 1 0
-4.21091 -46.5403 -46.5403 2 1 0
-4.15679 -46.6244 -46.6244 2 1 0
-4.10266 -46.7084 -46.7084 2 1 0
-4.04853 -46.7925 -46.7925 2 1 0
-3.9944 -46.8765 -46.8765 2 1 0
-3.94029 -46.9606 -46.9606 2 1 0
-3.88621 -47.0447 -47.0447 2 1 0
-3.83217 -47.1288 -47.1288 2 1 0
-3.77819 -47.2129 -47.2129 2 1 0
-3.72427 -47.2971 -47.2971 2 1 0
-3.67042 -47.3813 -47.3813 2 1 0
-3.61666 -47.4656 -47.4656 2 1 0
-3.563 -47.5499 -47.5499 2 1 0
-3.50944 -47.6344 -47.6344 2 1 0
-3.456 -47.7188 -47.7188 2 1 0
-3.40268 -47.8034 -47.8034 2 1 0
-3.3495 -47.8881 -47.8881 2 1 0
-3.29647 -47.9728 -47.9728 2 1 0
-3.2436 -48.0576 -48.0576 2 1 0
-3.19089 -48.1426 -48.1426 2 1 0
-3.13835 -48.2276 -48.2276 2 1 0
-3.086 -48.3128 -48.3128 2 1 0
-3.03385 -48.3981 -48.3981 2 1 0
-2.9819 -48.4835 -48.4835 2 1 0
-2.93016 -48.569 -48.569 2 1 0
-2.87865 -48.6547 -48.6547 2 1 0
-2.82736 -48.7405 -48.7405 2 1 0
-2.77632 -48.8264 -48.8264 2 1 0
-2.72553 -48.9125 -48.9125 2 1 0
-2.67499 -48.9988 -48.9988 2 1 0
-2.62473 -49.0852 -49.0852 2 1 0
-2.57473 -49.1718 -49.1718 2 1 0
-2.52503 -49.2585 -49.2585 2 1 0
-2.47561 -49.3454 -49.3454 2 1 0
-2.4265 -49.4324 -49.4324 2 1 0
-2.37769 -49.5197 -49.5197 2 1 0
-2.32921 -49.6071 -49.6071 2 1 0
-2.28105 -49.6947 -49.6947 2 1 0
-2.23323 -49.7825 -49.7825 2 1 0
-2.18575 -49.8704 -49.8704 2 1 0
-2.13862 -49.9586 -49.9586 2 1 0
-2.09185 -50.0469 -50.0469 2 1 0
-2.04544 -50.1354 -50.1354 2 1 0
-1.99941 -50.2242 -50.2242 2 1 0
-1.95377 -50.3131 -50.3131 2 1 0
-1.90851 -50.4022 -50.4022 2 1 0
-1.86365 -50.4915 -50.4915 2 1 0
-1.8192 -50.5811 -50.5811 2 1 0
-1.77515 -50.6708 -50.6708 2 1 0
-1.73153 -50.7607 -50.7607 2 1 0
-1.68833 -50.8509 -50.8509 2 1 0
-1.64557 -50.9412 -50.9412 2 1 0
-1.60324 -51.0317 -51.0317 2 1 0
-1.56136 -51.1225 -51.1225 2 1 0
-1.51994 -51.2135 -51.2135 2 1 0
-1.47897 -51.3046 -51.3046 2 1 0
-1.43846 -51.396 -51.396 2 1 0
-1.39843 -51.4876 -51.4876 2 1 0
-1.35888 -51.5794 -51.5794 2 1 0
-1.3198 -51.6714 -51.6714 2 1 0
-1.28122 -51.7636 -51.7636 2 1 0
-1.24313 -51.856 -51.856 2 1 0
-1.20553 -51.9486 -51.9486 2 1 0
-1.16844 -52.0414 -52.0414 2 1 0
-1.13186 -52.1344 -52.1344 2 1 0
-1.09578 -52.2276 -52.2276 2 1 0
-1.06023 -52.321 -52.321 2 1 0
-1.02519 -52.4146 -52.4146 2 1 0
-0.990676 -52.5084 -52.5084 2 1 0
-0.95669 -52.6024 -52.6024 2 1 0
-0.923234 -52.6965 -52.6965 2 1 0
-0.890312 -52.7909 -52.7909 2 1 0
-0.857926 -52.8855 -52.8855 2 1 0
-0.826079 -52.9802 -52.9802 2 1 0
-0.794772 -53.0751 -53.0751 2 1 0
-0.764009 -53.1702 -53.1702 2 1 0
-0.73379 -53.2654 -53.2654 2 1 0
-0.704118 -53.3609 -53.3609 2 1 0
-0.674994 -53.4565 -53.4565 2 1 0
-0.646418 -53.5522 -53.5522 2 1 0
-0.618391 -53.6482 -53.6482 2 1 0
-0.590914 -53.7442 -53.7442 2 1 0
-0.563987 -53.8405 -53.8405 2 1 0
-0.53761 -53.9369 -53.9369 2 1 0
-0.511783 -54.0334 -54.0334 2 1 0
-0.486505 -54.1301 -54.1301 2 1 0
-0.461775 -54.2269 -54.2269 2 1 0
-0.437592 -54.3239 -54.3239 2 1 0
-0.413955 -54.421 -54.421 2 1 0
-0.390863 -54.5182 -54.5182 2 1 0
-0.368313 -54.6156 -54.6156 2 1 0
-0.346304 -54.7131 -54.7131 2 1 0
-0.324834 -54.8107 -54.8107 2 1 0
-0.303899 -54.9084 -54.9084 2 1 0
-0.283497 -55.0062 -55.0062 2 1 0
-0.263626 -55.1041 -55.1041 2 1 0
-0.244282 -55.2022 -55.2022 2 1 0
-0.225461 -55.3003 -55.3003 2 1 0
-0.207161 -55.3986 -55.3986 2 1 0
-0.189377 -55.4969 -55.4969 2 1 0
-0.172106 -55.5953 -55.5953 2 1 0
-0.155344 -55.6938 -55.6938 2 1 0
-0.139086 -55.7924 -55.7924 2 1 0
-0.123327 -55.8911 -55.8911 2 1 0
-0.108064 -55.9899 -55.9899 2 1 0
-0.093292 -56.0887 -56.0887 2 1 0
-0.0790055 -56.1876 -56.1876 2 1 0
-0.0651997 -56.2866 -56.2866 2 1 0
-0.0518695 -56.3856 -56.3856 2 1 0
-0.0390098 -56.4847 -56.4847 2 1 0
-0.0266152 -56.5839 -56.5839 2 1 0
-0.0146802 -56.6831 -56.6831 2 1 0
-0.00319924 -56.7824 -56.7824 2 1 0
0.00783324 -56.8817 -56.8817 2 1 0
0.018423 -56.9811 -56.9811 2 1 0
0.0285757 -57.0805 -57.0805 2 1 0
0.0382974 -57.1799 -57.1799 2 1 0
0.0475939 -57.2794 -57.2794 2 1 0
0.0564711 -57.379 -57.379 2 1 0
0.0649352 -57.4786 -57.4786 2 1 0
0.072992 -57.5782 -57.5782 2 1 0
0.0806478 -57.6778 -57.6778 2 1 0
0.0879086 -57.7775 -57.7775 2 1 0
0.0947806 -57.8772 -57.8772 2 1 0
0.10127 -57.9769 -57.9769 2 1 0
0.107383 -58.0766 -58.0766 2 1 0
0.113125 -58.1764 -58.1764 2 1 0
0.118503 -58.2762 -58.2762 2 1 0
0.123523 -58.376 -58.376 2 1 0
0.128191 -58.4758 -58.4758 2 1 0
0.132514 -58.5757 -58.5757 2 1 0
0.136497 -58.6755 -58.6755 2 1 0
0.140146 -58.7754 -58.7754 2 1 0
0.143468 -58.8753 -58.8753 2 1 0
0.146468 -58.9752 -58.9752 2 1 0
0.149153 -59.0751 -59.0751 2 1 0
0.151528 -59.175 -59.175 2 1 0
0.153599 -59.2749 -59.2749 2 1 0
0.155373 -59.3748 -59.3748 2 1 0
0.156855 -59.4748 -59.4748 2 1 0
0.158051 -59.5747 -59.5747 2 1 0
0.158966 -59.6746 -59.6746 2 1 0
0.159606 -59.7746 -59.7746 2 1 0
0.159978 -59.8745 -59.8745 2 1 0
0.160086 -59.9659 -59.9659 1 1 0
0.159958 -60.0658 -60.0658 1 1 0
0.159576 -60.1658 -60.1658 1 1 0
0.158946 -60.2657 -60.2657 1 1 0
0.158074 -60.3657 -60.3657 1 1 0
0.156964 -60.4656 -60.4656 1 1 0
0.155623 -60.5655 -60.5655 1 1 0
0.154054 -60.6655 -60.6655 1 1 0
0.152263 -60.7654 -60.7654 1 1 0
0.150255 -60.8653 -60.8653 1 1 0
0.148035 -60.9653 -60.9653 1 1 0
0.145607 -61.0652 -61.0652 1 1 0
0.142977 -61.1651 -61.1651 1 1 0
0.140148 -61.265 -61.265 1 1 0
0.137127 -61.3649 -61.3649 1 1 0
0.133916 -61.4648 -61.4648 1 1 0
0.13052 -61.5647 -61.5647 1 1 0
0.126944 -61.6646 -61.6646 1 1 0
0.123193 -61.7645 -61.7645 1 1 0
0.119269 -61.8643 -61.8643 1 1 0
0.115179 -61.9642 -61.9642 1 1 0
0.110924 -62.0641 -62.0641 1 1 0
0.10651 -62.1639 -62.1639 1 1 0
0.101941 -62.2638 -62.2638 1 1 0
0.0972191 -62.3636 -62.3636 1 1 0
0.0923497 -62.4635 -62.4635 1 1 0
0.0873359 -62.5633 -62.5633 1 1 0
0.0821813 -62.6631 -62.6631 1 1 0
0.0768896 -62.763 -62.763 1 1 0
0.0714642 -62.8628 -62.8628 1 1 0
0.0659084 -62.9626 -62.9626 1 1 0
0.0602258 -63.0624 -63.0624 1 1 0
0.0544194 -63.1622 -63.1622 1 1 0
0.0484925 -63.2619 -63.2619 1 1 0
0.0424483 -63.3617 -63.3617 1 1 0
0.0362897 -63.4615 -63.4615 1 1 0
0.0300199 -63.5613 -63.5613 1 1 0
0.0236417 -63.661 -63.661 1 1 0
0.017158 -63.7608 -63.7608 1 1 0
0.0105717 -63.8605 -63.8605 1 1 0
0.00388539 -63.9603 -63.9603 1 1 0
-0.00289815 -64.06 -64.06 1 1 0
-0.0097763 -64.1597 -64.1597 1 1 0
-0.0167465 -64.2595 -64.2595 1 1 0
-0.0238063 -64.3592 -64.3592 1 1 0
-0.0309532 -64.4589 -64.4589 1 1 0
-0.0381847 -64.5586 -64.5586 1 1 0
-0.0454987 -64.6583 -64.6583 1 1 0
-0.0528928 -64.758 -64.758 1 1 0
-0.0603647 -64.8577 -64.8577 1 1 0
-0.0679123 -64.9574 -64.9574 1 1 0
-0.0755336 -65.057 -65.057 1 1 0
-0.0832263 -65.1567 -65.1567 1 1 0
-0.0909885 -65.2564 -65.2564 1 1 0
-0.0988183 -65.3561 -65.3561 1 1 0
-0.106714 -65.4557 -65.4557 1 1 0
-0.114673 -65.5554 -65.5554 1 1 0
-0.122694 -65.655 -65.655 1 1 0
-0.130775 -65.7547 -65.7547 1 1 0
-0.138914 -65.8543 -65.8543 1 1 0
-0.147111 -65.954 -65.954 1 1 0
-0.155362 -66.0536 -66.0536 1 1 0
-0.163667 -66.1532 -66.1532 1 1 0
-0.172023 -66.2528 -66.2528 1 1 0
-0.18043 -66.3525 -66.3525 1 1 0
-0.188886 -66.4521 -66.4521 1 1 0
-0.19739 -66.5517 -66.5517 1 1 0
-0.205939 -66.6513 -66.6513 1 1 0
-0.214533 -66.7509 -66.7509 1 1 0
-0.223171 -66.8505 -66.8505 1 1 0
-0.23185 -66.9501 -66.9501 1 1 0
-0.24057 -67.0497 -67.0497 1 1 0
-0.24933 -67.1493 -67.1493 1 1 0
-0.258129 -67.2489 -67.2489 1 1 0
-0.266964 -67.3485 -67.3485 1 1 0
-0.275835 -67.4481 -67.4481 1 1 0
-0.284742 -67.5477 -67.5477 1 1 0
-0.293682 -67.6473 -67.6473 1 1 0
-0.302656 -67.7468 -67.7468 1 1 0
-0.311661 -67.8464 -67.8464 1 1 0
-0.320697 -67.946 -67.946 1 1 0
-0.329763 -68.0456 -68.0456 1 1 0
-0.338858 -68.1451 -68.1451 1 1 0
-0.347981 -68.2447 -68.2447 1 1 0
-0.357131 -68.3443 -68.3443 1 1 0
-0.366308 -68.4438 -68.4438 1 1 0
-0.37551 -68.5434 -68.5434 1 1 0
-0.384737 -68.643 -68.643 1 1 0
-0.393988 -68.7425 -68.7425 1 1 0
-0.403262 -68.8421 -68.8421 1 1 0
-0.412559 -68.9416 -68.9416 1 1 0
-0.421877 -69.0412 -69.0412 1 1 0
-0.431217 -69.1407 -69.1407 1 1 0
-0.440577 -69.2403 -69.2403 1 1 0
-0.449957 -69.3398 -69.3398 1 1 0
-0.459356 -69.4394 -69.4394 1 1 0
-0.468773 -69.5389 -69.5389 1 1 0
-0.478209 -69.6385 -69.6385 1 1 0
-0.487661 -69.738 -69.738 1 1 0
-0.497131 -69.8375 -69.8375 1 1 0
-0.506617 -69.9371 -69.9371 1 1 0
-0.516118 -70.0366 -70.0366 1 1 0
-0.525635 -70.1361 -70.1361 1 1 0
-0.535167 -70.2357 -70.2357 1 1 0
-0.544712 -70.3352 -70.3352 1 1 0
-0.554272 -70.4347 -70.4347 1 1 0
-0.563845 -70.5343 -70.5343 1 1 0
-0.573431 -70.6338 -70.6338 1 1 0
-0.583029 -70.7333 -70.7333 1 1 0
-0.592639 -70.8329 -70.8329 1 1 0
-0.602261 -70.9324 -70.9324 1 1 0
-0.611894 -71.0319 -71.0319 1 1 0
-0.621539 -71.1314 -71.1314 1 1 0
-0.631193 -71.231 -71.231 1 1 0
-0.640858 -71.3305 -71.3305 1 1 0
-0.650533 -71.43 -71.43 1 1 0
-0.660217 -71.5295 -71.5295 1 1 0
-0.669911 -71.6291 -71.6291 1 1 0
-0.679613 -71.7286 -71.7286 1 1 0
-0.689324 -71.8281 -71.8281 1 1 0
-0.699044 -71.9276 -71.9276 1 1 0
-0.708771 -72.0271 -72.0271 1 1 0
-0.718506 -72.1267 -72.1267 1 1 0
-0.728249 -72.2262 -72.2262 1 1 0
-0.737999 -72.3257 -72.3257 1 1 0
-0.747756 -72.4252 -72.4252 1 1 0
-0.757519 -72.5247 -72.5247 1 1 0
-0.76729 -72.6242 -72.6242 1 1 0
-0.777066 -72.7238 -72.7238 1 1 0
-0.786849 -72.8233 -72.8233 1 1 0
-0.796637 -72.9228 -72.9228 1 1 0
-0.806432 -73.0223 -73.0223 1 1 0
-0.816231 -73.1218 -73.1218 1 1 0
-0.826036 -73.2213 -73.2213 1 1 0
-0.835847 -73.3208 -73.3208 1 1 0
-0.845662 -73.4204 -73.4204 1 1 0
-0.855482 -73.5199 -73.5199 1 1 0
-0.865306 -73.6194 -73.6194 1 1 0
-0.875135 -73.7189 -73.7189 1 1 0
-0.884969 -73.8184 -73.8184 1 1 0
-0.894806 -73.9179 -73.9179 1 1 0
-0.904648 -74.0174 -74.0174 1 1 0
-0.914493 -74.1169 -74.1169 1 1 0
-0.924342 -74.2164 -74.2164 1 1 0
-0.934195 -74.3159 -74.3159 1 1 0
-0.944051 -74.4155 -74.4155 1 1 0
-0.953911 -74.515 -74.515 1 1 0
-0.963773 -74.6145 -74.6145 1 1 0
-0.973639 -74.714 -74.714 1 1 0
-0.983508 -74.8135 -74.8135 1 1 0
-0.99338 -74.913 -74.913 1 1 0
-1.00325 -75.0125 -75.0125 1 1 0
-1.01313 -75.112 -75.112 1 1 0
-1.02301 -75.2115 -75.2115 1 1 0
-1.03289 -75.311 -75.311 1 1 0
-1.04278 -75.4105 -75.4105 1 1 0
-1.05267 -75.51 -75.51 1 1 0
-1.06256 -75.6096 -75.6096 1 1 0
-1.07245 -75.7091 -75.7091 1 1 0
-1.08234 -75.8086 -75.8086 1 1 0
-1.09224 -75.9081 -75.9081 1 1 0
-1.10214 -76.0076 -76.0076 1 1 0
-1.11204 -76.1071 -76.1071 1 1 0
-1.12194 -76.2066 -76.2066 1 1 0
-1.13184 -76.3061 -76.3061 1 1 0
-1.14175 -76.4056 -76.4056 1 1 0
-1.15165 -76.5051 -76.5051 1 1 0
-1.16156 -76.6046 -76.6046 1 1 0
-1.17147 -76.7041 -76.7041 1 1 0
-1.18138 -76.8036 -76.8036 1 1 0
-1.1913 -76.9031 -76.9031 1 1 0
-1.20121 -77.0026 -77.0026 1 1 0
-1.21113 -77.1021 -77.1021 1 1 0
-1.22104 -77.2017 -77.2017 1 1 0
-1.23096 -77.3012 -77.3012 1 1 0
-1.24088 -77.4007 -77.4007 1 1 0
-1.2508 -77.5002 -77.5002 1 1 0
-1.26072 -77.5997 -77.5997 1 1 0
-1.27064 -77.6992 -77.6992 1 1 0
-1.28057 -77.7987 -77.7987 1 1 0
-1.29049 -77.8982 -77.8982 1 1 0
-1.30042 -77.9977 -77.9977 1 1 0
-1.31034 -78.0972 -78.0972 1 1 0
-1.32027 -78.1967 -78.1967 1 1 0
-1.3302 -78.2962 -78.2962 1 1 0
-1.34013 -78.3957 -78.3957 1 1 0
-1.35006 -78.4952 -78.4952 1 1 0
-1.35999 -78.5947 -78.5947 1 1 0
-1.36992 -78.6942 -78.6942 1 1 0
-1.37985 -78.7937 -78.7937 1 1 0
-1.38978 -78.8932 -78.8932 1 1 0
-1.39972 -78.9927 -78.9927 1 1 0
-1.40965 -79.0922 -79.0922 1 1 0
-1.41958 -79.1917 -79.1917 1 1 0
-1.42952 -79.2912 -79.2912 1 1 0
-1.43946 -79.3908 -79.3908 1 1 0
-1.44939 -79.4903 -79.4903 1 1 0
-1.45933 -79.5898 -79.5898 1 1 0
-1.46927 -79.6893 -79.6893 1 1 0
-1.4792 -79.7888 -79.7888 1 1 0
-1.48914 -79.8883 -79.8883 1 1 0
-1.49908 -79.9878 -79.9878 1 1 0
-1.50902 -80.0873 -80.0873 1 1 0
-1.51896 -80.1868 -80.1868 1 1 0
-1.5289 -80.2863 -80.2863 1 1 0
-1.53884 -80.3858 -80.3858 1 1 0
-1.54878 -80.4853 -80.4853 1 1 0
-1.55872 -80.5848 -80.5848 1 1 0
-1.56866 -80.6843 -80.6843 1 1 0
-1.5786 -80.7838 -80.7838 1 1 0
-1.58855 -80.8833 -80.8833 1 1 0
-1.59849 -80.9828 -80.9828 1 1 0
-1.60843 -81.0823 -81.0823 1 1 0
-1.61837 -81.1818 -81.1818 1 1 0
-1.62832 -81.2813 -81.2813 1 1 0
-1.63826 -81.3808 -81.3808 1 1 0
-1.6482 -81.4803 -81.4803 1 1 0
-1.65815 -81.5798 -81.5798 1 1 0
-1.66809 -81.6793 -81.6793 1 1 0
-1.67804 -81.7788 -81.7788 1 1 0
-1.68798 -81.8783 -81.8783 1 1 0
-1.69793 -81.9779 -81.9779 1 1 0
-1.70787 -82.0774 -82.0774 1 1 0
-1.71782 -82.1769 -82.1769 1 1 0
-1.72776 -82.2764 -82.2764 1 1 0
-1.73771 -82.3759 -82.3759 1 1 0
-1.74765 -82.4754 -82.4754 1 1 0
-1.7576 -82.5749 -82.5749 1 1 0
-1.76754 -82.6744 -82.6744 1 1 0
-1.77749 -82.7739 -82.7739 1 1 0
-1.78744 -82.8734 -82.8734 1 1 0
-1.79738 -82.9729 -82.9729 1 1 0
-1.80733 -83.0724 -83.0724 1 1 0
-1.81728 -83.1719 -83.1719 1 1 0
-1.82722 -83.2714 -83.2714 1 1 0
-1.83717 -83.3709 -83.3709 1 1 0
-1.84712 -83.4704 -83.4704 1 1 0
-1.85707 -83.5699 -83.5699 1 1 0
-1.86701 -83.6694 -83.6694 1 1 0
-1.87696 -83.7689 -83.7689 1 1 0
-1.88691 -83.8684 -83.8684 1 1 0
-1.89686 -83.9679 -83.9679 1 1 0
-1.90681 -84.0674 -84.0674 1 1 0
-1.91675 -84.1669 -84.1669 1 1 0
-1.9267 -84.2664 -84.2664 1 1 0
-1.93665 -84.3659 -84.3659 1 1 0
-1.9466 -84.4654 -84.4654 1 1 0
-1.95655 -84.5649 -84.5649 1 1 0
-1.96649 -84.6645 -84.6645 1 1 0
-1.97644 -84.764 -84.764 1 1 0
-1.98639 -84.8635 -84.8635 1 1 0
-1.99634 -84.963 -84.963 1 1 0
-2.00629 -85.0625 -85.0625 1 1 0
-2.01624 -85.162 -85.162 1 1 0
-2.02619 -85.2615 -85.2615 1 1 0
-2.03614 -85.361 -85.361 1 1 0
-2.04608 -85.4605 -85.4605 1 1 0
-2.05603 -85.56 -85.56 1 1 0
-2.06598 -85.6595 -85.6595 1 1 0
-2.07593 -85.759 -85.759 1 1 0
-2.08588 -85.8585 -85.8585 1 1 0
-2.09583 -85.958 -85.958 1 1 0
-2.10578 -86.0575 -86.0575 1 1 0
-2.11573 -86.157 -86.157 1 1 0
-2.12568 -86.2565 -86.2565 1 1 0
-2.13563 -86.356 -86.356 1 1 0
-2.14558 -86.4555 -86.4555 1 1 0
-2.15553 -86.555 -86.555 1 1 0
-2.16548 -86.6545 -86.6545 1 1 0
-2.17542 -86.754 -86.754 1 1 0
-2.18537 -86.8535 -86.8535 1 1 0
-2.19532 -86.953 -86.953 1 1 0
-2.20527 -87.0525 -87.0525 1 1 0
-2.21522 -87.152 -87.152 1 1 0
-2.22517 -87.2515 -87.2515 1 1 0
-2.23512 -87.351 -87.351 1 1 0
-2.24507 -87.4506 -87.4506 1 1 0
-2.25502 -87.5501 -87.5501 1 1 0
-2.26497 -87.6496 -87.6496 1 1 0
-2.27492 -87.7491 -87.7491 1 1 0
-2.28487 -87.8486 -87.8486 1 1 0
-2.29482 -87.9481 -87.9481 1 1 0
-2.30477 -88.0476 -88.0476 1 1 0
-2.31472 -88.1471 -88.1471 1 1 0
-2.32467 -88.2466 -88.2466 1 1 0
-2.33462 -88.3461 -88.3461 1 1 0
-2.34457 -88.4456 -88.4456 1 1 0
-2.35452 -88.5451 -88.5451 1 1 0
-2.36447 -88.6446 -88.6446 1 1 0
-2.37442 -88.7441 -88.7441 1 1 0
-2.38437 -88.8436 -88.8436 1 1 0
-2.39432 -88.9431 -88.9431 1 1 0
-2.40427 -89.0426 -89.0426 1 1 0
-2.41422 -89.1421 -89.1421 1 1 0
-2.42417 -89.2416 -89.2416 1 1 0
-2.43412 -89.3411 -89.3411 1 1 0
-2.44407 -89.4406 -89.4406 1 1 0
-2.45402 -89.5401 -89.5401 1 1 0
-2.46397 -89.6396 -89.6396 1 1 0
-2.47392 -89.7391 -89.7391 1 1 0
-2.48387 -89.8386 -89.8386 1 1 0
-2.49382 -89.9381 -89.9381 1 1 0
-2.50377 -90.0376 -90.0376 1 1 0
-2.51372 -90.1372 -90.1372 1 1 0
-2.52367 -90.2367 -90.2367 1 1 0
-2.53362 -90.3362 -90.3362 1 1 0
-2.54357 -90.4357 -90.4357 1 1 0
-2.55352 -90.5352 -90.5352 1 1 0
-2.56347 -90.6347 -90.6347 1 1 0
-2.57342 -90.7342 -90.7342 1 1 0
-2.58337 -90.8337 -90.8337 1 1 0
-2.59332 -90.9332 -90.9332 1 1 0
-2.60327 -91.0327 -91.0327 1 1 0
-2.61322 -91.1322 -91.1322 1 1 0
-2.62317 -91.2317 -91.2317 1 1 0
-2.63312 -91.3312 -91.3312 1 1 0
-2.64307 -91.4307 -91.4307 1 1 0
-2.65302 -91.5302 -91.5302 1 1 0
-2.66297 -91.6297 -91.6297 1 1 0
-2.67292 -91.7292 -91.7292 1 1 0
-2.68287 -91.8287 -91.8287 1 1 0
-2.69282 -91.9282 -91.9282 1 1 0
-2.70277 -92.0277 -92.0277 1 1 0
-2.71273 -92.1272 -92.1272 1 1 0
-2.72268 -92.2267 -92.2267 1 1 0
-2.73263 -92.3262 -92.3262 1 1 0
-2.74258 -92.4257 -92.4257 1 1 0
-2.75253 -92.5252 -92.5252 1 1 0
-2.76248 -92.6247 -92.6247 1 1 0
-2.77243 -92.7242 -92.7242 1 1 0
-2.78238 -92.8238 -92.8238 1 1 0
-2.79233 -92.9233 -92.9233 1 1 0
-2.80228 -93.0228 -93.0228 1 1 0
-2.81223 -93.1223 -93.1223 1 1 0
-2.82218 -93.2218 -93.2218 1 1 0
-2.83213 -93.3213 -93.3213 1 1 0
-2.84208 -93.4208 -93.4208 1 1 0
-2.85203 -93.5203 -93.5203 1 1 0
-2.86198 -93.6198 -93.6198 1 1 0
-2.87193 -93.7193 -93.7193 1 1 0
-2.88188 -93.8188 -93.8188 1 1 0
-2.89183 -93.9183 -93.9183 1 1 0
-2.90178 -94.0178 -94.0178 1 1 0
-2.91173 -94.1173 -94.1173 1 1 0
-2.92168 -94.2168 -94.2168 1 1 0
-2.93163 -94.3163 -94.3163 1 1 0
-2.94158 -94.4158 -94.4158 1 1 0
-2.95153 -94.5153 -94.5153 1 1 0
-2.96148 -94.6148 -94.6148 1 1 0
-2.97143 -94.7143 -94.7143 1 1 0
-2.98138 -94.8138 -94.8138 1 1 0
-2.99133 -94.9133 -94.9133 1 1 0
-3.00128 -95.0128 -95.0128 1 1 0
-3.01123 -95.1123 -95.1123 1 1 0
-3.02118 -95.2118 -95.2118 1 1 0
-3.03114 -95.3113 -95.3113 1 1 0
-3.04109 -95.4108 -95.4108 1 1 0
-3.05104 -95.5104 -95.5104 1 1 0
-3.06099 -95.6099 -95.6099 1 1 0
-3.07094 -95.7094 -95.7094 1 1 0
-3.08089 -95.8089 -95.8089 1 1 0
-3.09084 -95.9084 -95.9084 1 1 0
-3.10079 -96.0079 -96.0079 1 1 0
-3.11074 -96.1074 -96.1074 1 1 0
-3.12069 -96.2069 -96.2069 1 1 0
-3.13064 -96.3064 -96.3064 1 1 0
-3.14059 -96.4059 -96.4059 1 1 0
-3.15054 -96.5054 -96.5054 1 1 0
-3.16049 -96.6049 -96.6049 1 1 0
-3.17044 -96.7044 -96.7044 1 1 0
-3.18039 -96.8039 -96.8039 1 1 0
-3.19034 -96.9034 -96.9034 1 1 0
-3.20029 -97.0029 -97.0029 1 1 0
-3.21024 -97.1024 -97.1024 1 1 0
-3.22019 -97.2019 -97.2019 1 1 0
-3.23014 -97.3014 -97.3014 1 1 0
-3.24009 -97.4009 -97.4009 1 1 0
-3.25004 -97.5004 -97.5004 1 1 0
-3.25999 -97.5999 -97.5999 1 1 0
-3.26994 -97.6994 -97.6994 1 1 0
-3.27989 -97.7989 -97.7989 1 1 0
-3.28984 -97.8984 -97.8984 1 1 0
-3.29979 -97.9979 -97.9979 1 1 0
-3.30975 -98.0974 -98.0974 1 1 0
-3.3197 -98.197 -98.197 1 1 0
-3.32965 -98.2965 -98.2965 1 1 0
-3.3396 -98.396 -98.396 1 1 0
-3.34955 -98.4955 -98.4955 1 1 0
-3.3595 -98.595 -98.595 1 1 0
-3.36945 -98.6945 -98.6945 1 1 0
-3.3794 -98.794 -98.794 1 1 0
-3.38935 -98.8935 -98.8935 1 1 0
-3.3993 -98.993 -98.993 1 1 0
-3.40925 -99.0925 -99.0925 1 1 0
-3.4192 -99.192 -99.192 1 1 0
-3.42915 -99.2915 -99.2915 1 1 0
-3.4391 -99.391 -99.391 1 1 0
-3.44905 -99.4905 -99.4905 1 1 0
-3.459 -99.59 -99.59 1 1 0
-3.46895 -99.6895 -99.6895 1 1 0
-3.4789 -99.789 -99.789 1 1 0
-3.48885 -99.8885 -99.8885 1 1 0
-3.4988 -99.988 -99.988 1 1 0
-3.50875 -100.088 -100.088 1 1 0
-3.5187 -100.187 -100.187 1 1 0
-3.52865 -100.287 -100.287 1 1 0
-3.5386 -100.386 -100.386 1 1 0
-3.54855 -100.486 -100.486 1 1 0
-3.5585 -100.585 -100.585 1 1 0
-3.56845 -100.685 -100.685 1 1 0
-3.5784 -100.784 -100.784 1 1 0
-3.58836 -100.884 -100.884 1 1 0
-3.59831 -100.983 -100.983 1 1 0
-3.60826 -101.083 -101.083 1 1 0
-3.61821 -101.182 -101.182 1 1 0
-3.62816 -101.282 -101.282 1 1 0
-3.63811 -101.381 -101.381 1 1 0
-3.64806 -101.481 -101.481 1 1 0
-3.65801 -101.58 -101.58 1 1 0
-3.66796 -101.68 -101.68 1 1 0
-3.67791 -101.779 -101.779 1 1 0
-3.68786 -101.879 -101.879 1 1 0
-3.69781 -101.978 -101.978 1 1 0
-3.70776 -102.078 -102.078 1 1 0
-3.71771 -102.177 -102.177 1 1 0
-3.72766 -102.277 -102.277 1 1 0
-3.73761 -102.376 -102.376 1 1 0
-3.74756 -102.476 -102.476 1 1 0
-3.75751 -102.575 -102.575 1 1 0
-3.76746 -102.675 -102.675 1 1 0
-3.77741 -102.774 -102.774 1 1 0
-3.78736 -102.874 -102.874 1 1 0
-3.79731 -102.973 -102.973 1 1 0
-3.80726 -103.073 -103.073 1 1 0
-3.81721 -103.172 -103.172 1 1 0
-3.82716 -103.272 -103.272 1 1 0
-3.83711 -103.371 -103.371 1 1 0
-3.84706 -103.471 -103.471 1 1 0
-3.85702 -103.57 -103.57 1 1 0
-3.86697 -103.67 -103.67 1 1 0
-3.87692 -103.769 -103.769 1 1 0
-3.88687 -103.869 -103.869 1 1 0
-3.89682 -103.968 -103.968 1 1 0
-3.90677 -104.068 -104.068 1 1 0
-3.91672 -104.167 -104.167 1 1 0
-3.92667 -104.267 -104.267 1 1 0
-3.93662 -104.366 -104.366 1 1 0
-3.94657 -104.466 -104.466 1 1 0
-3.95652 -104.565 -104.565 1 1 0
-3.96647 -104.665 -104.665 1 1 0
-3.97642 -104.764 -104.764 1 1 0
-3.98637 -104.864 -104.864 1 1 0
-3.99632 -104.963 -104.963 1 1 0
-4.00627 -105.063 -105.063 1 1 0
-4.01622 -105.162 -105.162 1 1 0
-4.02617 -105.262 -105.262 1 1 0
-4.03612 -105.361 -105.361 1 1 0
-4.04607 -105.461 -105.461 1 1 0
-4.05602 -105.56 -105.56 1 1 0
-4.06597 -105.66 -105.66 1 1 0
-4.07592 -105.759 -105.759 1 1 0
-4.08587 -105.859 -105.859 1 1 0
-4.09582 -105.958 -105.958 1 1 0
-4.10577 -106.058 -106.058 1 1 0
-4.11572 -106.157 -106.157 1 1 0
-4.12568 -106.257 -106.257 1 1 0
-4.13563 -106.356 -106.356 1 1 0
-4.14558 -106.456 -106.456 1 1 0
-4.15553 -106.555 -106.555 1 1 0
-4.16548 -106.655 -106.655 1 1 0
-4.17543 -106.754 -106.754 1 1 0
-4.18538 -106.854 -106.854 1 1 0
-4.19533 -106.953 -106.953 1 1 0
-4.20528 -107.053 -107.053 1 1 0
-4.21523 -107.152 -107.152 1 1 0
-4.22518 -107.252 -107.252 1 1 0
-4.23513 -107.351 -107.351 1 1 0
-4.24508 -107.451 -107.451 1 1 0
-4.25503 -107.55 -107.55 1 1 0
-4.26498 -107.65 -107.65 1 1 0
-4.27493 -107.749 -107.749 1 1 0
-4.28488 -107.849 -107.849 1 1 0
-4.29483 -107.948 -107.948 1 1 0
-4.30478 -108.048 -108.048 1 1 0
-4.31473 -108.147 -108.147 1 1 0
-4.32468 -108.247 -108.247 1 1 0
-4.33463 -108.346 -108.346 1 1 0
-4.34458 -108.446 -108.446 1 1 0
-4.35453 -108.545 -108.545 1 1 0
-4.36448 -108.645 -108.645 1 1 0
-4.37443 -108.744 -108.744 1 1 0
-4.38439 -108.844 -108.844 1 1 0
-4.39434 -108.943 -108.943 1 1 0
-4.40429 -109.043 -109.043 1 1 0
-4.41424 -109.142 -109.142 1 1 0
-4.42419 -109.242 -109.242 1 1 0
-4.43414 -109.341 -109.341 1 1 0
-4.44409 -109.441 -109.441 1 1 0
-4.45404 -109.54 -109.54 1 1 0
-4.46399 -109.64 -109.64 1 1 0
-4.47394 -109.739 -109.739 1 1 0
-4.48389 -109.839 -109.839 1 1 0
-4.49384 -109.938 -109.938 1 1 0
-4.50379 -110.038 -110.038 1 1 0
-4.51374 -110.137 -110.137 1 1 0
-4.52369 -110.237 -110.237 1 1 0
-4.53364 -110.336 -110.336 1 1 0
-4.54359 -110.436 -110.436 1 1 0
-4.55354 -110.535 -110.535 1 1 0
-4.56349 -110.635 -110.635 1 1 0
-4.57344 -110.734 -110.734 1 1 0
-4.58339 -110.834 -110.834 1 1 0
-4.59334 -110.933 -110.933 1 1 0
-4.60329 -111.033 -111.033 1 1 0
-4.61324 -111.132 -111.132 1 1 0
-4.62319 -111.232 -111.232 1 1 0
-4.63314 -111.331 -111.331 1 1 0
-4.64309 -111.431 -111.431 1 1 0
-4.65305 -111.53 -111.53 1 1 0
-4.663 -111.63 -111.63 1 1 0
-4.67295 -111.729 -111.729 1 1 0
-4.6829 -111.829 -111.829 1 1 0
-4.69285 -111.928 -111.928 1 1 0
-4.7028 -112.028 -112.028 1 1 0
-4.71275 -112.127 -112.127 1 1 0
-4.7227 -112.227 -112.227 1 1 0
-4.73265 -112.326 -112.326 1 1 0
-4.7426 -112.426 -112.426 1 1 0
-4.75255 -112.525 -112.525 1 1 0
-4.7625 -112.625 -112.625 1 1 0
-4.77245 -112.724 -112.724 1 1 0
-4.7824 -112.824 -112.824 1 1 0
-4.79235 -112.924 -112.924 1 1 0
-4.8023 -113.023 -113.023 1 1 0
-4.81225 -113.123 -113.123 1 1 0
-4.8222 -113.222 -113.222 1 1 0
-4.83215 -113.322 -113.322 1 1 0
-4.8421 -113.421 -113.421 1 1 0
-4.85205 -113.521 -113.521 1 1 0
-4.862 -113.62 -113.62 1 1 0
-4.87195 -113.72 -113.72 1 1 0
-4.8819 -113.819 -113.819 1 1 0
-4.89185 -113.919 -113.919 1 1 0
-4.9018 -114.018 -114.018 1 1 0
-4.91175 -114.118 -114.118 1 1 0
-4.92171 -114.217 -114.217 1 1 0
-4.93166 -114.317 -114.317 1 1 0
-4.94161 -114.416 -114.416 1 1 0
-4.95156 -114.516 -114.516 1 1 0
-4.96151 -114.615 -114.615 1 1 0
-4.97146 -114.715 -114.715 1 1 0
-4.98141 -114.814 -114.814 1 1 0
-4.99136 -114.914 -114.914 1 1 0
-5.00131 -115.013 -115.013 1 1 0
-5.01126 -115.113 -115.113 1 1 0
-5.02121 -115.212 -115.212 1 1 0
-5.03116 -115.312 -115.312 1 1 0
-5.04111 -115.411 -115.411 1 1 0
-5.05106 -115.511 -115.511 1 1 0
-5.06101 -115.61 -115.61 1 1 0
-5.07096 -115.71 -115.71 1 1 0
-5.08091 -115.809 -115.809 1 1 0
-5.09086 -115.909 -115.909 1 1 0
-5.10081 -116.008 -116.008 1 1 0
-5.11076 -116.108 -116.108 1 1 0
-5.12071 -116.207 -116.207 1 1 0
-5.13066 -116.307 -116.307 1 1 0
-5.14061 -116.406 -116.406 1 1 0
-5.15056 -116.506 -116.506 1 1 0
-5.16051 -116.605 -116.605 1 1 0
-5.17046 -116.705 -116.705 1 1 0
-5.18041 -116.804 -116.804 1 1 0
-5.19037 -116.904 -116.904 1 1 0
-5.20032 -117.003 -117.003 1 1 0
-5.21027 -117.103 -117.103 1 1 0
-5.22022 -117.202 -117.202 1 1 0
-5.23017 -117.302 -117.302 1 1 0
-5.24012 -117.401 -117.401 1 1 0
-5.25007 -117.501 -117.501 1 1 0
-5.26002 -117.6 -117.6 1 1 0
-5.26997 -117.7 -117.7 1 1 0
-5.27992 -117.799 -117.799 1 1 0
-5.28987 -117.899 -117.899 1 1 0
-5.29982 -117.998 -117.998 1 1 0
-5.30977 -118.098 -118.098 1 1 0
-5.31972 -118.197 -118.197 1 1 0
-5.32967 -118.297 -118.297 1 1 0
-5.33962 -118.396 -118.396 1 1 0
-5.34957 -118.496 -118.496 1 1 0
-5.35952 -118.595 -118.595 1 1 0
-5.36947 -118.695 -118.695 1 1 0
-5.37942 -118.794 -118.794 1 1 0
-5.38937 -118.894 -118.894 1 1 0
-5.39932 -118.993 -118.993 1 1 0
-5.40927 -119.093 -119.093 1 1 0
-5.41922 -119.192 -119.192 1 1 0
-5.42917 -119.292 -119.292 1 1 0
-5.43912 -119.391 -119.391 1 1 0
-5.44907 -119.491 -119.491 1 1 0
-5.45903 -119.59 -119.59 1 1 0
-5.46898 -119.69 -119.69 1 1 0
-5.47893 -119.789 -119.789 1 1 0
-5.48888 -119.889 -119.889 1 1 0
-5.49883 -119.988 -119.988 1 1 0
-5.50878 -120.088 -120.088 1 1 0
-5.51873 -120.187 -120.187 1 1 0
-5.52868 -120.287 -120.287 1 1 0
-5.53863 -120.386 -120.386 1 1 0
-5.54858 -120.486 -120.486 1 1 0
-5.55853 -120.585 -120.585 1 1 0
-5.56848 -120.685 -120.685 1 1 0
-5.57843 -120.784 -120.784 1 1 0
-5.58838 -120.884 -120.884 1 1 0
-5.59833 -120.983 -120.983 1 1 0
-5.60828 -121.083 -121.083 1 1 0
-5.61823 -121.182 -121.182 1 1 0
-5.62818 -121.282 -121.282 1 1 0
-5.63813 -121.381 -121.381 1 1 0
-5.64808 -121.481 -121.481 1 1 0
-5.65803 -121.58 -121.58 1 1 0
-5.66798 -121.68 -121.68 1 1 0
-5.67793 -121.779 -121.779 1 1 0
-5.68788 -121.879 -121.879 1 1 0
-5.69783 -121.978 -121.978 1 1 0
-5.70778 -122.078 -122.078 1 1 0
-5.71774 -122.177 -122.177 1 1 0
-5.72769 -122.277 -122.277 1 1 0
-5.73764 -122.376 -122.376 1 1 0
-5.74759 -122.476 -122.476 1 1 0
-5.75754 -122.575 -122.575 1 1 0
-5.76749 -122.675 -122.675 1 1 0
-5.77744 -122.774 -122.774 1 1 0
-5.78739 -122.874 -122.874 1 1 0
-5.79734 -122.973 -122.973 1 1 0
-5.80729 -123.073 -123.073 1 1 0
-5.81724 -123.172 -123.172 1 1 0
-5.82719 -123.272 -123.272 1 1 0
-5.83714 -123.371 -123.371 1 1 0
-5.84709 -123.471 -123.471 1 1 0
-5.85704 -123.57 -123.57 1 1 0
-5.86699 -123.67 -123.67 1 1 0
-5.87694 -123.769 -123.769 1 1 0
-5.88689 -123.869 -123.869 1 1 0
-5.89684 -123.968 -123.968 1 1 0
-5.90679 -124.068 -124.068 1 1 0
-5.91674 -124.167 -124.167 1 1 0
-5.92669 -124.267 -124.267 1 1 0
-5.93664 -124.366 -124.366 1 1 0
-5.94659 -124.466 -124.466 1 1 0
-5.95654 -124.565 -124.565 1 1 0
-5.96649 -124.665 -124.665 1 1 0
-5.97644 -124.764 -124.764 1 1 0
-5.9864 -124.864 -124.864 1 1 0
-5.99635 -124.963 -124.963 1 1 0
-6.0063 -125.063 -125.063 1 1 0
-6.01625 -125.162 -125.162 1 1 0
-6.0262 -125.262 -125.262 1 1 0
-6.03615 -125.361 -125.361 1 1 0
-6.0461 -125.461 -125.461 1 1 0
-6.05605 -125.56 -125.56 1 1 0
-6.066 -125.66 -125.66 1 1 0
-6.07595 -125.759 -125.759 1 1 0
-6.0859 -125.859 -125.859 1 1 0
-6.09585 -125.958 -125.958 1 1 0
-6.1058 -126.058 -126.058 1 1 0
-6.11575 -126.157 -126.157 1 1 0
-6.1257 -126.257 -126.257 1 1 0
-6.13565 -126.357 -126.357 1 1 0
-6.1456 -126.456 -126.456 1 1 0
-6.15555 -126.556 -126.556 1 1 0
-6.1655 -126.655 -126.655 1 1 0
-6.17545 -126.755 -126.755 1 1 0
-6.1854 -126.854 -126.854 1 1 0
-6.19535 -126.954 -126.954 1 1 0
-6.2053 -127.053 -127.053 1 1 0
-6.21525 -127.153 -127.153 1 1 0
-6.2252 -127.252 -127.252 1 1 0
-6.23515 -127.352 -127.352 1 1 0
-6.2451 -127.451 -127.451 1 1 0
-6.25506 -127.551 -127.551 1 1 0
-6.26501 -127.65 -127.65 1 1 0
-6.27496 -127.75 -127.75 1 1 0
-6.28491 -127.849 -127.849 1 1 0
-6.29486 -127.949 -127.949 1 1 0
-6.30481 -128.048 -128.048 1 1 0
-6.31476 -128.148 -128.148 1 1 0
25.1294 -29.3147 -29.3147 4 6 0
25.1294 -29.3005 -29.3288 3 6 0
25.1294 -29.2999 -29.3294 3 6 0
25.1294 -29.2433 -29.386 3 6 0
25.1293 -29.1298 -29.4987 3 6 0
25.1292 -28.9876 -29.6393 3 6 0
25.129 -28.8452 -29.7789 3 6 0
25.1286 -28.7022 -29.9184 3 6 0
25.1282 -28.5588 -30.0575 3 6 0
25.1278 -28.4142 -30.1961 3 6 0
25.1272 -28.2696 -30.3342 3 6 0
25.1265 -28.1245 -30.4719 3 6 0
25.1258 -27.9785 -30.6087 3 6 0
25.125 -27.8325 -30.7454 3 6 0
25.1241 -27.6861 -30.8817 3 6 0
25.1231 -27.5391 -31.0182 3 6 0
25.122 -27.3917 -31.1534 3 6 0
25.1208 -27.2439 -31.2882 3 6 0
25.1195 -27.0957 -31.4236 3 6 0
25.1181 -26.9468 -31.5575 3 6 0
25.1167 -26.7975 -31.691 3 6 0
25.1151 -26.6479 -31.823 3 6 0
25.1135 -26.4976 -31.9554 3 6 0
25.1117 -26.3469 -32.0873 3 6 0
25.1098 -26.1977 -32.2182 3 6 0
25.1079 -26.0465 -32.3492 3 6 0
25.1058 -25.8949 -32.4797 3 6 0
25.1036 -25.7408 -32.6103 3 6 0
25.1013 -25.5878 -32.7399 3 6 0
25.0989 -25.4343 -32.8691 3 6 0
25.0964 -25.2801 -32.9995 3 6 0
25.0938 -25.1258 -33.1278 3 6 0
25.091 -24.971 -33.2557 3 6 0
25.0881 -24.8155 -33.3848 3 6 0
25.0851 -24.6599 -33.5119 3 6 0
25.082 -24.5039 -33.6386 3 6 0
25.0787 -24.3474 -33.765 3 6 0
25.0753 -24.1907 -33.8908 3 6 0
25.0718 -24.0335 -34.0161 3 6 0
25.0681 -23.8796 -34.1414 3 6 0
25.0643 -23.7222 -34.2659 3 6 0
25.0603 -23.5643 -34.39 3 6 0
25.0562 -23.4035 -34.5137 3 6 0
25.0519 -23.2448 -34.637 3 6 0
25.0475 -23.0857 -34.7598 3 6 0
25.0429 -22.9251 -34.882 3 6 0
25.0381 -22.7643 -35.0041 3 6 0
25.0331 -22.6033 -35.1257 3 6 0
25.028 -22.4404 -35.2434 3 6 0
25.0227 -22.2787 -35.3643 3 6 0
25.0173 -22.1166 -35.4847 3 6 0
25.0116 -21.958 -35.6004 3 6 0
25.0058 -21.795 -35.72 3 6 0
24.9997 -21.6316 -35.8392 3 6 0
24.9935 -21.4692 -35.9523 3 6 0
24.987 -21.305 -36.0707 3 6 0
24.9804 -21.1406 -36.1887 3 6 0
24.9735 -20.9754 -36.3116 3 6 0
24.9664 -20.8111 -36.4288 3 6 0
24.9591 -20.6466 -36.5457 3 6 0
24.9516 -20.4805 -36.6679 3 6 0
24.9438 -20.3153 -36.7839 3 6 0
24.9358 -20.1499 -36.8996 3 6 0
24.9276 -19.9822 -37.0157 3 6 0
24.9191 -19.8161 -37.1307 3 6 0
24.9104 -19.6497 -37.2453 3 6 0
24.9014 -19.4816 -37.3591 3 6 0
24.8922 -19.3146 -37.4729 3 6 0
24.8827 -19.1473 -37.5864 3 6 0
24.8729 -18.9785 -37.6985 3 6 0
24.8628 -18.8106 -37.8112 3 6 0
24.8525 -18.6426 -37.9235 3 6 0
24.8419 -18.4724 -38.0366 3 6 0
24.831 -18.3037 -38.1482 3 6 0
24.8198 -18.1349 -38.2595 3 6 0
24.8084 -17.9738 -38.3717 3 6 0
24.7966 -17.8032 -38.4823 3 6 0
24.7845 -17.6323 -38.5925 3 6 0
24.7721 -17.4638 -38.7029 3 6 0
24.7594 -17.2929 -38.8124 3 6 0
24.7463 -17.1213 -38.9216 3 6 0
24.733 -16.9447 -39.0295 3 6 0
24.7193 -16.7743 -39.138 3 6 0
24.7053 -16.6037 -39.2461 3 6 0
24.691 -16.4288 -39.353 3 6 0
24.6763 -16.2577 -39.4604 3 6 0
24.6612 -16.0864 -39.5674 3 6 0
24.6459 -15.9215 -39.6742 3 6 0
24.6301 -15.7503 -39.7806 3 6 0
24.6141 -15.5782 -39.8866 3 6 0
24.5976 -15.3878 -39.9889 3 6 0
24.5808 -15.2153 -40.0941 3 6 0
24.5636 -15.0426 -40.199 3 6 0
24.5461 -14.8727 -40.3095 3 6 0
24.5282 -14.7 -40.4144 3 6 0
24.5099 -14.5272 -40.5189 3 6 0
24.4913 -14.3464 -40.6261 3 6 0
24.4722 -14.1728 -40.7298 3 6 0
24.4528 -13.9992 -40.8332 3 6 0
24.433 -13.8245 -40.9356 3 6 0
24.4128 -13.6505 -41.0382 3 6 0
24.3922 -13.4765 -41.1405 3 6 0
24.3713 -13.3023 -41.2387 3 6 0
24.3499 -13.128 -41.34 3 6 0
24.3281 -12.9537 -41.4411 3 6 0
24.306 -12.7821 -41.5408 3 6 0
24.2834 -12.6074 -41.6411 3 6 0
24.2605 -12.4327 -41.7411 3 6 0
24.2371 -12.2569 -41.84 3 6 0
24.2133 -12.0822 -41.9393 3 6 0
24.1892 -11.9076 -42.0381 3 6 0
24.1646 -11.7326 -42.1353 3 6 0
24.1396 -11.5581 -42.2335 3 6 0
24.1142 -11.3836 -42.3327 3 6 0
24.0884 -11.2101 -42.4326 3 6 0
24.0623 -11.0358 -42.5314 3 6 0
24.0357 -10.8616 -42.6299 3 6 0
24.0086 -10.6906 -42.7283 3 6 0
23.9812 -10.5167 -42.8261 3 6 0
23.9534 -10.3428 -42.9236 3 6 0
23.9252 -10.1733 -43.0209 3 6 0
23.8966 -9.99975 -43.1178 3 6 0
23.8675 -9.82629 -43.2143 3 6 0
23.8381 -9.65323 -43.3106 3 6 0
23.8082 -9.47996 -43.4064 3 6 0
23.778 -9.30679 -43.502 3 6 0
23.7474 -9.11809 -43.5988 3 6 0
23.7163 -8.94405 -43.6935 3 6 0
23.6849 -8.77011 -43.7879 3 6 0
23.653 -8.63674 -43.8828 3 6 0
23.6208 -8.46255 -43.9762 3 6 0
23.5882 -8.28846 -44.0692 3 6 0
23.5552 -8.12577 -44.16 3 6 0
23.5218 -7.95429 -44.2521 3 6 0
23.488 -7.78107 -44.3439 3 6 0
23.4538 -7.60621 -44.4331 3 6 0
23.4192 -7.43273 -44.5241 3 6 0
23.3843 -7.25939 -44.6147 3 6 0
23.3489 -7.09307 -44.7019 3 6 0
23.3132 -6.92002 -44.7917 3 6 0
23.2771 -6.74712 -44.8811 3 6 0
23.2407 -6.57681 -44.9664 3 6 0
23.2039 -6.40655 -45.055 3 6 0
23.1667 -6.23636 -45.1432 3 6 0
23.1291 -6.05997 -45.2264 3 6 0
23.0912 -5.89012 -45.3168 3 6 0
23.0529 -5.72046 -45.4074 3 6 0
23.0143 -5.5451 -45.5011 3 6 0
22.9753 -5.3757 -45.5909 3 6 0
22.936 -5.2065 -45.6805 3 6 0
22.8963 -5.03232 -45.7725 3 6 0
22.8563 -4.86342 -45.8612 3 6 0
22.8159 -4.69472 -45.9497 3 6 0
22.7752 -4.52181 -46.0399 3 6 0
22.7342 -4.35344 -46.1276 3 6 0
22.6928 -4.18529 -46.2149 3 6 0
22.6511 -4.01377 -46.3035 3 6 0
22.6091 -3.84598 -46.39 3 6 0
22.5667 -3.6784 -46.4762 3 6 0
22.524 -3.5087 -46.563 3 6 0
22.481 -3.34153 -46.6484 3 6 0
22.4377 -3.17458 -46.7335 3 6 0
22.3941 -3.00863 -46.8185 3 6 0
22.3502 -2.84214 -46.9029 3 6 0
22.306 -2.67589 -46.9869 3 6 0
22.2614 -2.50546 -47.0702 3 6 0
22.2166 -2.3396 -47.1534 3 6 0
22.1715 -2.17397 -47.2363 3 6 0
22.1261 -1.98174 -47.3177 3 6 0
22.0804 -1.8161 -47.3998 3 6 0
22.0344 -1.65069 -47.4816 3 6 0
21.9881 -1.46145 -47.5606 3 6 0
21.9416 -1.29604 -47.6416 3 6 0
21.8947 -1.13086 -47.7222 3 6 0
21.8476 -0.982237 -47.8001 3 6 0
21.8003 -0.817864 -47.88 3 6 0
21.7526 -0.653737 -47.9596 3 6 0
21.7047 -0.451409 -48.0342 3 6 0
21.6566 -0.286174 -48.1129 3 6 0
21.6082 -0.121174 -48.1913 3 6 0
21.5595 0.0330751 -48.2611 3 6 0
21.5106 0.19661 -48.3398 3 6 0
21.4614 0.359899 -48.422 3 6 0
21.412 0.519106 -48.5087 3 6 0
21.3623 0.683018 -48.5902 3 6 0
21.3124 0.846691 -48.6714 3 6 0
21.2623 1.0038 -48.7562 3 6 0
21.2119 1.1657 -48.8366 3 6 0
21.1613 1.32735 -48.9167 3 6 0
21.1105 1.51168 -48.9994 3 6 0
21.0594 1.67408 -49.0787 3 6 0
21.0082 1.83624 -49.1578 3 6 0
20.9567 2.00805 -49.239 3 6 0
20.905 2.16941 -49.3173 3 6 0
20.8531 2.33052 -49.3953 3 6 0
20.8009 2.49061 -49.4738 3 6 0
20.7486 2.65138 -49.551 3 6 0
20.696 2.8119 -49.628 3 6 0
20.6433 2.96843 -49.7051 3 6 0
20.5903 3.12856 -49.7813 3 6 0
20.5372 3.28844 -49.8572 3 6 0
20.4838 3.43952 -49.9326 3 6 0
20.4303 3.59899 -50.0078 3 6 0
20.3766 3.75821 -50.0827 3 6 0
20.3227 3.90386 -50.1564 3 6 0
20.2686 4.06263 -50.2306 3 6 0
20.2143 4.22115 -50.3045 3 6 0
20.1598 4.34204 -50.3768 3 6 0
20.1052 4.50006 -50.45 3 6 0
20.0504 4.65782 -50.5229 3 6 0
19.9954 4.76769 -50.5938 3 6 0
19.9403 4.92483 -50.666 3 6 0
19.885 5.08171 -50.7379 3 6 0
19.8295 5.28248 -50.8074 3 6 0
19.7738 5.43721 -50.8786 3 6 0
19.718 5.59166 -50.9496 3 6 0
19.6621 5.79227 -51.0181 3 6 0
19.606 5.94695 -51.0884 3 6 0
19.5497 6.10135 -51.1584 3 6 0
19.4933 6.2782 -51.2255 3 6 0
19.4367 6.4327 -51.2949 3 6 0
19.38 6.58692 -51.364 3 6 0
19.3231 6.73291 -51.4301 3 6 0
19.2661 6.88693 -51.4986 3 6 0
19.209 7.04069 -51.5668 3 6 0
19.1516 7.19855 -51.637 3 6 0
19.0942 7.3513 -51.7048 3 6 0
19.0366 7.50376 -51.7784 3 6 0
18.979 7.64101 -51.8676 3 6 0
18.9212 7.79353 -51.9407 3 6 0
18.8632 7.94577 -52.0136 3 6 0
18.8052 8.10306 -52.0643 3 6 0
18.747 8.25471 -52.1374 3 6 0
18.6887 8.40608 -52.2103 3 6 0
18.6303 8.46038 -52.2942 3 6 0
18.5718 8.6112 -52.3661 3 6 0
18.5132 8.76175 -52.4377 3 6 0
18.4544 8.91496 -52.5154 3 6 0
18.3955 9.06264 -52.5861 3 6 0
18.3366 9.21001 -52.6566 3 6 0
18.2775 9.46837 -52.717 3 6 0
18.2183 9.61717 -52.7875 3 6 0
18.159 9.76568 -52.8577 3 6 0
18.0997 9.80481 -52.9318 3 6 0
18.0402 9.95072 -53.0012 3 6 0
17.9806 10.0963 -53.0703 3 6 0
17.921 10.3288 -53.1449 3 6 0
17.8612 10.4751 -53.2128 3 6 0
17.8014 10.621 -53.2804 3 6 0
17.7414 10.7973 -53.3389 3 6 0
17.6814 10.9434 -53.4072 3 6 0
17.6213 11.0892 -53.4752 3 6 0
17.5611 11.2258 -53.5432 3 6 0
17.5009 11.3714 -53.6107 3 6 0
17.4406 11.5167 -53.6778 3 6 0
17.3801 11.6682 -53.744 3 6 0
17.3196 11.8127 -53.8107 3 6 0
17.2591 11.957 -53.8772 3 6 0
17.1985 12.0743 -53.9442 3 6 0
17.1378 12.217 -54.0099 3 6 0
17.077 12.3593 -54.0754 3 6 0
17.0162 12.4963 -54.1403 3 6 0
16.9553 12.6378 -54.205 3 6 0
16.8943 12.779 -54.2694 3 6 0
16.8333 12.8102 -54.3323 3 6 0
16.7723 12.9492 -54.3959 3 6 0
16.7112 13.0878 -54.4593 3 6 0
16.65 13.2994 -54.5175 3 6 0
16.5888 13.4383 -54.5799 3 6 0
16.5275 13.5768 -54.6421 3 6 0
16.4662 13.7657 -54.6999 3 6 0
16.4048 13.9043 -54.7613 3 6 0
16.3434 14.0425 -54.8225 3 6 0
16.282 14.2008 -54.8896 3 6 0
16.2205 14.3387 -54.9505 3 6 0
16.159 14.4762 -55.0111 3 6 0
16.0974 14.5319 -55.0574 3 6 0
16.0358 14.6674 -55.1169 3 6 0
15.9742 14.8025 -55.1762 3 6 0
15.9125 15.021 -55.2554 3 6 0
15.8509 15.1566 -55.3149 3 6 0
15.7892 15.2919 -55.374 3 6 0
15.7274 15.3989 -55.4133 3 6 0
15.6657 15.5329 -55.4713 3 6 0
15.6039 15.6666 -55.529 3 6 0
15.5421 15.8437 -55.5991 3 6 0
15.4803 15.9774 -55.6566 3 6 0
15.4185 16.1107 -55.7139 3 6 0
15.3567 16.2118 -55.7587 3 6 0
15.2948 16.3437 -55.8243 3 6 0
15.233 16.4752 -55.8896 3 6 0
15.1711 16.654 -55.9545 3 6 0
15.1092 16.7857 -56.0192 3 6 0
15.0474 16.917 -56.0836 3 6 0
14.9855 16.8909 -56.1477 3 6 0
14.9237 17.0224 -56.2116 3 6 0
14.8618 17.1535 -56.2751 3 6 0
14.7999 17.4476 -56.3384 3 6 0
14.738 17.5775 -56.4013 3 6 0
14.6762 17.707 -56.464 3 6 0
14.6144 17.8355 -56.5263 3 6 0
14.5526 17.9643 -56.5884 3 6 0
14.4908 18.0926 -56.6502 3 6 0
14.429 18.145 -56.7117 3 6 0
14.3672 18.2706 -56.7729 3 6 0
14.3055 18.3958 -56.8338 3 6 0
14.2437 18.6002 -56.8944 3 6 0
14.182 18.7261 -56.9547 3 6 0
14.1204 18.8516 -57.0147 3 6 0
14.0587 18.9619 -57.0744 3 6 0
13.9971 19.0861 -57.1337 3 6 0
13.9355 19.2098 -57.1928 3 6 0
13.874 19.3498 -57.2517 3 6 0
13.8125 19.4731 -57.3101 3 6 0
13.751 19.5959 -57.3683 3 6 0
13.6896 19.7219 -57.4262 3 6 0
13.6282 19.8441 -57.4838 3 6 0
13.5669 19.9658 -57.541 3 6 0
13.5056 20.0389 -57.598 3 6 0
13.4443 20.1584 -57.6546 3 6 0
13.3831 20.2775 -57.711 3 6 0
13.3219 20.3925 -57.7671 3 6 0
13.2608 20.5127 -57.8228 3 6 0
13.1998 20.6325 -57.8782 3 6 0
13.1389 20.7091 -57.9333 3 6 0
13.078 20.828 -57.988 3 6 0
13.0171 20.9464 -58.0425 3 6 0
12.9563 20.9539 -58.0967 3 6 0
12.8956 21.067 -58.1505 3 6 0
12.8349 21.1795 -58.2041 3 6 0
12.7744 21.5038 -58.2572 3 6 0
12.7139 21.6194 -58.3101 3 6 0
12.6535 21.7344 -58.3627 3 6 0
12.593 21.811 -58.415 3 6 0
12.5327 21.9254 -58.4669 3 6 0
12.4725 22.0393 -58.5185 3 6 0
12.4125 22.1834 -58.5698 3 6 0
12.3525 22.2951 -58.6207 3 6 0
12.2926 22.4063 -58.6714 3 6 0
12.2326 22.527 -58.7217 3 6 0
12.1729 22.6378 -58.7717 3 6 0
12.1132 22.7481 -58.8214 3 6 0
12.0534 22.8499 -58.8708 3 6 0
11.9939 22.9586 -58.9198 3 6 0
11.9346 23.0667 -58.9685 3 6 0
11.8753 23.17 -59.0271 3 6 0
11.8161 23.277 -59.0818 3 6 0
11.757 23.3833 -59.1362 3 6 0
11.698 23.4537 -59.1879 3 6 0
11.6392 23.558 -59.2418 3 6 0
11.5804 23.6618 -59.2953 3 6 0
11.5218 23.8084 -59.3413 3 6 0
11.4633 23.9133 -59.3946 3 6 0
11.4049 24.0176 -59.4476 3 6 0
11.3466 23.9885 -59.4995 3 6 0
11.2885 24.0881 -59.5518 3 6 0
11.2304 24.1871 -59.6037 3 6 0
11.1725 24.3258 -59.6569 3 6 0
11.1147 24.4241 -59.7079 3 6 0
11.0571 24.5219 -59.7585 3 6 0
10.9995 24.7334 -59.8096 3 6 0
10.9421 24.8333 -59.8594 3 6 0
10.8848 24.9326 -59.9088 3 6 0
10.8277 24.9503 -59.9574 3 6 0
10.7707 25.0454 -60.0062 3 6 0
10.7138 25.14 -60.0547 3 6 0
10.6571 25.2968 -60.1026 3 6 0
10.6006 25.3935 -60.1506 3 6 0
10.5441 25.4895 -60.1983 3 6 0
10.4879 25.4488 -60.2457 3 6 0
10.4317 25.5393 -60.2926 3 6 0
10.3757 25.6292 -60.3392 3 6 0
10.3198 25.6204 -60.3846 3 6 0
10.2641 25.7075 -60.4303 3 6 0
10.2085 25.794 -60.4755 3 6 0
10.1531 25.964 -60.5186 3 6 0
10.0979 26.0506 -60.563 3 6 0
10.0428 26.1365 -60.607 3 6 0
9.98808 26.2883 -60.6512 3 6 0
9.93329 26.378 -60.6946 3 6 0
9.87871 26.467 -60.7375 3 6 0
9.82428 26.5549 -60.7853 3 6 0
9.77 26.6429 -60.8279 3 6 0
9.7159 26.7304 -60.87 3 6 0
9.66202 26.9612 -60.9142 3 6 0
9.60826 27.0458 -60.9558 3 6 0
9.55467 27.1298 -60.997 3 6 0
9.50129 27.0269 -61.0381 3 6 0
9.44803 27.1113 -61.0785 3 6 0
9.39495 27.195 -61.1186 3 6 0
9.34195 27.2275 -61.1561 3 6 0
9.28922 27.3037 -61.1952 3 6 0
9.23667 27.3792 -61.2378 3 6 0
9.18428 27.6383 -61.288 3 6 0
9.1321 27.7188 -61.3348 3 6 0
9.0801 27.7987 -61.3813 3 6 0
9.02835 27.6608 -61.4261 3 6 0
8.97672 27.7322 -61.4718 3 6 0
8.92528 27.8029 -61.5171 3 6 0
8.87404 28.1143 -61.5532 3 6 0
8.82296 28.1877 -61.5983 3 6 0
8.77206 28.2604 -61.6428 3 6 0
8.72138 28.3685 -61.6828 3 6 0
8.67085 28.4428 -61.7269 3 6 0
8.62052 28.5166 -61.7705 3 6 0
8.57034 28.4832 -61.8144 3 6 0
8.52039 28.5562 -61.8571 3 6 0
8.47063 28.6287 -61.8993 3 6 0
8.42108 28.7032 -61.9416 3 6 0
8.37171 28.7743 -61.9829 3 6 0
8.32254 28.8448 -62.0238 3 6 0
8.27359 29.0251 -62.0644 3 6 0
8.22481 29.0934 -62.1044 3 6 0
8.17623 29.1609 -62.1439 3 6 0
8.12784 29.2339 -62.1829 3 6 0
8.07965 29.2994 -62.2217 3 6 0
8.03166 29.3642 -62.2601 3 6 0
7.98386 29.4217 -62.2983 3 6 0
7.93626 29.486 -62.3362 3 6 0
7.88887 29.5496 -62.3736 3 6 0
7.84167 29.5869 -62.4111 3 6 0
7.79468 29.6497 -62.4479 3 6 0
7.74789 29.7118 -62.4842 3 6 0
7.70131 29.7936 -62.5204 3 6 0
7.65493 29.854 -62.556 3 6 0
7.60874 29.9137 -62.5911 3 6 0
7.5628 29.9647 -62.6269 3 6 0
7.51702 30.0214 -62.6613 3 6 0
7.47144 30.0775 -62.6953 3 6 0
7.42608 30.1474 -62.7309 3 6 0
7.3809 30.2028 -62.7642 3 6 0
7.33593 30.2575 -62.7971 3 6 0
7.29116 30.3139 -62.8318 3 6 0
7.24659 30.3674 -62.864 3 6 0
7.20222 30.4202 -62.8959 3 6 0
7.15805 30.44 -62.9295 3 6 0
7.11409 30.4903 -62.9606 3 6 0
7.07034 30.5398 -62.9913 3 6 0
7.02678 30.5391 -63.0247 3 6 0
6.98342 30.5861 -63.0548 3 6 0
6.94027 30.6325 -63.0844 3 6 0
6.89733 30.6829 -63.1173 3 6 0
6.85458 30.728 -63.1463 3 6 0
6.81204 30.7723 -63.1749 3 6 0
6.7697 30.8202 -63.2064 3 6 0
6.72756 30.8632 -63.2343 3 6 0
6.68562 30.9055 -63.2618 3 6 0
6.64389 30.9303 -63.2922 3 6 0
6.60235 30.9709 -63.319 3 6 0
6.56102 31.0107 -63.3454 3 6 0
6.51988 31.024 -63.3768 3 6 0
6.47894 31.0621 -63.4147 3 6 0
6.43821 31.0994 -63.4522 3 6 0
6.39767 31.1155 -63.4832 3 6 0
6.35734 31.1511 -63.52 3 6 0
6.3172 31.186 -63.5563 3 6 0
6.27726 31.2048 -63.5868 3 6 0
6.23752 31.2381 -63.6224 3 6 0
6.19798 31.2707 -63.6575 3 6 0
6.15864 31.2879 -63.6876 3 6 0
6.11948 31.3188 -63.722 3 6 0
6.08053 31.3491 -63.756 3 6 0
6.04178 31.3649 -63.7855 3 6 0
6.00321 31.3936 -63.8188 3 6 0
5.96484 31.4215 -63.8516 3 6 0
5.92668 31.4372 -63.8806 3 6 0
5.8887 31.4635 -63.9128 3 6 0
5.85091 31.4892 -63.9444 3 6 0
5.81332 31.505 -63.9728 3 6 0
5.77592 31.5292 -64.0038 3 6 0
5.7387 31.5526 -64.0344 3 6 0
5.7017 31.5686 -64.0622 3 6 0
5.66486 31.5905 -64.0921 3 6 0
5.62822 31.6117 -64.1215 3 6 0
5.59179 31.6278 -64.1488 3 6 0
5.55552 31.6476 -64.1776 3 6 0
5.51944 31.6667 -64.2059 3 6 0
5.48357 31.6831 -64.2327 3 6 0
5.44786 31.7007 -64.2603 3 6 0
5.41234 31.7177 -64.2875 3 6 0
5.37703 31.7346 -64.3138 3 6 0
5.34188 31.758 -64.3403 3 6 0
5.30691 31.7809 -64.3664 3 6 0
5.27216 31.814 -64.3921 3 6 0
5.23755 31.8356 -64.4176 3 6 0
5.20313 31.8565 -64.4426 3 6 0
5.16892 31.8857 -64.4679 3 6 0
5.13486 31.9054 -64.4923 3 6 0
5.10098 31.9245 -64.5162 3 6 0
5.06731 31.95 -64.541 3 6 0
5.03378 31.9678 -64.5643 3 6 0
5.00044 31.985 -64.5872 3 6 0
4.9673 32.007 -64.6116 3 6 0
4.9343 32.0229 -64.6339 3 6 0
4.90148 32.0383 -64.6557 3 6 0
4.86887 32.0567 -64.6797 3 6 0
4.8364 32.0708 -64.701 3 6 0
4.8041 32.0843 -64.7218 3 6 0
4.772 32.0994 -64.7454 3 6 0
4.74004 32.1116 -64.7657 3 6 0
4.70826 32.1233 -64.7855 3 6 0
4.67667 32.1351 -64.8087 3 6 0
4.64523 32.1455 -64.828 3 6 0
4.61395 32.1552 -64.8469 3 6 0
4.58286 32.164 -64.8699 3 6 0
4.55192 32.1725 -64.8882 3 6 0
4.52114 32.1805 -64.9061 3 6 0
4.49055 32.1864 -64.9289 3 6 0
4.4601 32.193 -64.9463 3 6 0
4.42982 32.1991 -64.9632 3 6 0
4.39972 32.2019 -64.9859 3 6 0
4.36976 32.2067 -65.0023 3 6 0
4.33996 32.211 -65.0184 3 6 0
4.31034 32.2104 -65.041 3 6 0
4.28086 32.2133 -65.0566 3 6 0
4.25154 32.2157 -65.0717 3 6 0
4.2224 32.2115 -65.0945 3 6 0
4.19339 32.2126 -65.1092 3 6 0
4.16454 32.2132 -65.1235 3 6 0
4.13587 32.2049 -65.1466 3 6 0
4.10733 32.2041 -65.1605 3 6 0
4.07894 32.2028 -65.174 3 6 0
4.05073 32.1894 -65.1977 3 6 0
4.02265 32.1868 -65.2108 3 6 0
3.99472 32.1837 -65.2235 3 6 0
3.96697 32.1631 -65.2485 3 6 0
3.93934 32.1586 -65.2609 3 6 0
3.91185 32.1535 -65.2729 3 6 0
3.88456 32.1347 -65.3006 3 6 0
3.85737 32.1225 -65.3124 3 6 0
3.83033 32.1096 -65.3238 3 6 0
3.8035 32.2068 -65.361 3 6 0
3.77674 32.194 -65.3725 3 6 0
3.75014 32.1807 -65.3836 3 6 0
3.72369 32.1538 -65.4016 3 6 0
3.69737 32.1443 -65.4122 3 6 0
3.6712 32.1343 -65.4224 3 6 0
3.64516 32.1696 -65.4132 3 6 0
3.61927 32.1586 -65.4222 3 6 0
3.59352 32.1471 -65.4308 3 6 0
3.56791 32.1106 -65.4396 3 6 0
3.54244 32.0977 -65.4657 3 6 0
3.51711 32.0843 -65.4912 3 6 0
3.4919 32.096 -65.5203 3 6 0
3.46684 32.0815 -65.5445 3 6 0
3.44192 32.0665 -65.5681 3 6 0
3.41712 32.0481 -65.5905 3 6 0
3.39246 32.0319 -65.6131 3 6 0
3.36795 32.0151 -65.6351 3 6 0
3.34354 31.9774 -65.6543 3 6 0
3.31929 31.9593 -65.6754 3 6 0
3.29517 31.9406 -65.6959 3 6 0
3.27116 31.9367 -65.7135 3 6 0
3.2473 31.9169 -65.7332 3 6 0
3.22357 31.8967 -65.7523 3 6 0
3.19993 31.8544 -65.7682 3 6 0
3.17646 31.8327 -65.7865 3 6 0
3.15312 31.8105 -65.8043 3 6 0
3.12987 31.776 -65.8188 3 6 0
3.10678 31.7525 -65.8359 3 6 0
3.08381 31.7285 -65.8525 3 6 0
3.06094 31.701 -65.8662 3 6 0
3.03822 31.6758 -65.8821 3 6 0
3.01563 31.6501 -65.8975 3 6 0
2.99311 31.5947 -65.9103 3 6 0
2.97077 31.5675 -65.9251 3 6 0
2.94855 31.5397 -65.9394 3 6 0
2.9264 31.5198 -65.9517 3 6 0
2.90442 31.4908 -65.9654 3 6 0
2.88256 31.4615 -65.9786 3 6 0
2.86076 31.488 -65.9905 3 6 0
2.83913 31.4558 -66.0032 3 6 0
2.81763 31.4229 -66.0154 3 6 0
2.7962 31.4288 -66.0269 3 6 0
2.77493 31.3956 -66.0386 3 6 0
2.75378 31.3617 -66.0499 3 6 0
2.73269 31.3511 -66.0613 3 6 0
2.71177 31.3167 -66.0721 3 6 0
2.69097 31.2818 -66.0825 3 6 0
2.67018 31.3826 -66.0942 3 6 0
2.6496 31.3487 -66.1044 3 6 0
2.62915 31.3141 -66.1141 3 6 0
2.60884 31.3429 -66.1249 3 6 0
2.5886 31.309 -66.1344 3 6 0
2.56849 31.2749 -66.1434 3 6 0
2.54802 31.4645 -66.1581 3 6 0
2.52803 31.431 -66.1679 3 6 0
2.50825 31.3973 -66.1772 3 6 0
2.48873 31.3682 -66.1853 3 6 0
2.4691 31.3336 -66.1952 3 6 0
2.44967 31.2988 -66.2046 3 6 0
2.43019 31.1647 -66.2137 3 6 0
2.41096 31.1283 -66.2224 3 6 0
2.39185 31.0916 -66.2307 3 6 0
2.37249 30.9904 -66.24 3 6 0
2.35357 30.9507 -66.2479 3 6 0
2.33476 30.9107 -66.2553 3 6 0
2.31599 30.8501 -66.2475 3 6 0
2.2974 30.8112 -66.2591 3 6 0
2.27892 30.772 -66.2703 3 6 0
2.26084 30.8666 -66.2744 3 6 0
2.24255 30.8273 -66.2856 3 6 0
2.22439 30.7878 -66.2963 3 6 0
2.20644 30.778 -66.3059 3 6 0
2.18848 30.7375 -66.3159 3 6 0
2.17062 30.6968 -66.3254 3 6 0
2.15272 30.1532 -66.3295 3 6 0
2.13507 30.1049 -66.3389 3 6 0
2.11753 30.0563 -66.3478 3 6 0
2.10009 30.5716 -66.3581 3 6 0
2.08273 30.5294 -66.3651 3 6 0
2.06547 30.487 -66.3717 3 6 0
2.04832 29.8373 -66.3774 3 6 0
2.03127 29.7876 -66.3831 3 6 0
2.01433 29.7374 -66.3884 3 6 0
1.99736 30.1924 -66.3898 3 6 0
1.98059 30.1478 -66.3937 3 6 0
1.96393 30.1028 -66.3971 3 6 0
1.9474 29.9865 -66.4022 3 6 0
1.93092 29.9398 -66.4049 3 6 0
1.91453 29.8929 -66.4071 3 6 0
1.89835 29.5113 -66.4159 3 6 0
1.88215 29.459 -66.4179 3 6 0
1.86605 29.4064 -66.4194 3 6 0
1.84968 29.8744 -66.4216 3 6 0
1.83373 29.8282 -66.4327 3 6 0
1.81789 29.7818 -66.4432 3 6 0
1.80213 29.7181 -66.4431 3 6 0
1.78648 29.671 -66.4534 3 6 0
1.77094 29.6239 -66.4631 3 6 0
1.75565 29.2855 -66.4593 3 6 0
1.74029 29.2339 -66.4695 3 6 0
1.72502 29.1821 -66.4791 3 6 0
1.70972 29.4846 -66.4899 3 6 0
1.69464 29.4368 -66.4979 3 6 0
1.67966 29.3888 -66.5054 3 6 0
1.66481 29.3065 -66.5095 3 6 0
1.65002 29.2583 -66.5166 3 6 0
1.63534 29.2099 -66.5231 3 6 0
1.6208 29.0656 -66.5272 3 6 0
1.6063 29.0157 -66.5334 3 6 0
1.59189 28.9655 -66.539 3 6 0
1.57762 28.9879 -66.5456 3 6 0
1.56341 28.9371 -66.5499 3 6 0
1.5493 28.8863 -66.5536 3 6 0
1.53531 28.8683 -66.5575 3 6 0
1.52139 28.8201 -66.5616 3 6 0
1.50758 28.772 -66.5653 3 6 0
1.49377 28.6076 -66.5651 3 6 0
1.48007 28.5551 -66.5706 3 6 0
1.46646 28.5025 -66.5756 3 6 0
1.45295 28.3005 -66.5796 3 6 0
1.43949 28.246 -66.5842 3 6 0
1.42612 28.1912 -66.5883 3 6 0
1.41279 28.3517 -66.5916 3 6 0
1.39961 28.2995 -66.5944 3 6 0
1.38651 28.2472 -66.5967 3 6 0
1.37363 28.001 -66.6023 3 6 0
1.3607 27.9454 -66.6049 3 6 0
1.34786 27.8894 -66.607 3 6 0
1.33525 27.592 -66.6128 3 6 0
1.32258 27.5308 -66.6152 3 6 0
1.31 27.4693 -66.617 3 6 0
1.29765 27.3201 -66.6225 3 6 0
1.28524 27.2556 -66.6244 4 6 0
1.27292 27.1907 -66.6258 4 6 0
1.26076 27.7441 -66.6274 4 6 0
1.24865 27.6897 -66.6281 4 6 0
1.23665 27.6347 -66.6283 4 6 0
1.22464 27.7166 -66.6235 4 6 0
1.21271 27.6686 -66.6225 4 6 0
1.20092 27.621 -66.6212 4 6 0
1.18933 27.1473 -66.6291 3 6 0
1.17771 27.0881 -66.6277 3 6 0
1.16618 27.0285 -66.626 3 6 0
1.15491 27.2959 -66.6272 3 6 0
1.14368 27.2554 -66.6251 3 6 0
1.1326 27.2167 -66.6228 3 6 0
1.12111 27.2449 -66.6153 3 6 0
1.10981 27.1971 -66.6262 3 6 0
1.09874 27.1503 -66.6362 3 6 0
1.08763 27.0311 -66.6342 3 6 0
1.07683 26.9775 -66.6311 3 6 0
1.06612 26.9241 -66.6276 3 6 0
1.05523 26.8605 -66.6517 3 6 0
1.04451 26.8132 -66.6491 3 6 0
1.03392 26.7662 -66.6461 3 6 0
1.0233 26.7957 -66.649 3 6 0
1.01284 26.7498 -66.6456 3 6 0
1.00248 26.7043 -66.6418 3 6 0
0.992175 26.4102 -66.6516 3 6 0
0.981965 26.3562 -66.6478 3 6 0
0.971846 26.3022 -66.6437 3 6 0
0.961852 25.8236 -66.6594 3 6 0
0.951875 25.759 -66.6555 3 6 0
0.941985 25.6936 -66.6512 3 6 0
0.93218 26.3208 -66.6547 3 6 0
0.922427 26.272 -66.6501 3 6 0
0.912765 26.2232 -66.6616 3 6 0
0.903802 26.1265 -66.7004 3 6 0
0.894881 26.1064 -66.7076 3 6 0
0.886256 26.0904 -66.714 3 6 0
0.873736 26.1344 -66.725 4 6 0
0.864584 26.1026 -66.7298 4 6 0
0.855584 26.0707 -66.734 4 6 0
0.846283 26.0591 -66.7096 4 6 0
0.837089 26.0162 -66.7179 4 6 0
0.828101 25.9743 -66.7254 4 6 0
0.819041 25.8379 -66.7094 4 6 0
0.810178 25.7928 -66.7183 4 6 0
0.801408 25.7473 -66.7263 4 6 0
0.79264 25.8384 -66.7045 4 6 0
0.783992 25.7983 -66.7145 4 6 0
0.775436 25.7586 -66.7236 4 6 0
0.767032 24.9369 -66.7152 4 6 0
0.758607 24.8923 -66.7248 4 6 0
0.750269 24.8486 -66.7335 4 6 0
0.741963 25.3019 -66.7343 4 6 0
0.733745 25.2548 -66.7425 4 6 0
0.725609 25.2082 -66.75 4 6 0
0.717672 25.078 -66.7503 4 6 0
0.709697 25.0243 -66.7574 4 6 0
0.701805 24.9692 -66.7639 3 6 0
0.693988 25.2491 -66.7653 3 6 0
0.686192 25.2083 -66.7714 3 6 0
0.678484 25.1682 -66.7769 3 6 0
0.670936 24.4302 -66.7749 3 6 0
0.663372 24.3651 -66.7806 3 6 0
0.655891 24.2977 -66.7856 3 6 0
0.648534 25.0808 -66.7856 3 6 0
0.641143 25.0426 -66.7906 3 6 0
0.633839 25.0053 -66.7949 3 6 0
0.626702 24.0601 -66.7933 3 6 0
0.619537 24.0198 -66.7981 4 6 0
0.612461 23.9809 -66.8021 4 6 0
0.605587 24.8318 -66.8046 3 6 0
0.598579 24.8015 -66.8078 3 6 0
0.591678 24.7714 -66.8104 3 6 0
0.584777 24.1202 -66.8045 4 6 0
0.577966 24.0622 -66.8098 4 6 0
0.571241 24.0026 -66.8144 4 6 0
0.564578 23.9444 -66.8146 4 6 0
0.55797 23.905 -66.819 4 6 0
0.551438 23.8668 -66.8226 4 6 0
0.544896 24.2551 -66.8252 4 6 0
0.538474 24.2126 -66.8282 4 6 0
0.532131 24.1707 -66.8305 3 6 0
0.526117 23.595 -66.8329 3 6 0
0.51991 23.5404 -66.8358 3 6 0
0.513799 23.5076 -66.8378 4 6 0
0.507943 24.5073 -66.84 4 6 0
0.501926 24.4788 -66.8424 4 6 0
0.496005 24.4516 -66.8441 4 6 0
0.490207 24.4067 -66.8485 4 6 0
0.484273 24.3807 -66.8525 4 6 0
0.478481 24.3552 -66.8555 4 6 0
0.472787 24.0098 -66.8563 4 6 0
0.467091 23.9781 -66.8593 4 6 0
0.461471 23.9457 -66.8613 4 6 0
0.456181 24.2961 -66.8607 4 6 0
0.450659 24.27 -66.866 4 6 0
0.445225 24.2442 -66.8701 4 6 0
0.439857 24.1873 -66.8697 4 6 0
0.434519 24.1611 -66.8745 4 6 0
0.429257 24.135 -66.878 4 6 0
0.42418 23.925 -66.87 4 6 0
0.419038 23.8918 -66.8766 4 6 0
0.413965 23.8595 -66.8819 4 6 0
0.408977 23.3479 -66.8704 4 6 0
0.404019 23.2999 -66.8786 4 6 0
0.39913 23.2521 -66.8855 4 6 0
0.394321 23.8698 -66.8711 4 6 0
0.38955 23.8445 -66.8808 4 6 0
0.384846 23.8191 -66.8891 4 6 0
0.380131 23.4237 -66.8909 4 6 0
0.375531 23.3891 -66.8974 4 6 0
0.37099 23.3535 -66.9027 4 6 0
0.366459 23.4306 -66.9019 4 6 0
0.362003 23.4038 -66.8958 4 6 0
0.35762 23.3771 -66.8887 4 6 0
0.353462 23.2403 -66.8087 4 6 0
0.349175 23.1901 -66.8244 4 6 0
0.345041 23.1318 -66.8384 4 6 0
0.340872 22.8747 -66.7698 4 6 0
0.336763 22.8293 -66.7834 4 6 0
0.33275 22.7825 -66.8041 4 6 0
0.32883 23.1853 -66.785 4 6 0
0.32492 23.1589 -66.7735 4 6 0
0.321078 23.1288 -66.772 4 6 0
0.317195 23.1612 -66.7862 4 6 0
0.313436 23.1307 -66.774 4 6 0
0.309751 23.1021 -66.7692 4 6 0
0.30608 23.5039 -66.7872 4 6 0
0.302487 23.4798 -66.8094 4 6 0
0.298957 23.454 -66.8292 4 6 0
0.295589 23.5214 -66.9017 4 6 0
0.292145 23.5134 -66.9036 4 6 0
0.28877 23.5042 -66.904 4 6 0
0.285399 23.4561 -66.8364 4 6 0
0.282055 23.4313 -66.8517 4 6 0
0.27893 23.4045 -66.8649 4 6 0
0.27559 23.45 -66.7963 4 6 0
0.272469 23.435 -66.8172 4 6 0
0.269422 23.4204 -66.8359 4 6 0
0.266419 23.3028 -66.7707 4 6 0
0.263465 23.2846 -66.7953 4 6 0
0.260572 23.2682 -66.8175 4 6 0
0.257725 22.7754 -66.7605 4 6 0
0.254914 22.7454 -66.7749 4 6 0
0.252166 22.7178 -66.8 4 6 0
0.249473 22.2786 -66.7543 4 6 0
0.246814 22.2344 -66.7824 4 6 0
0.244212 22.1918 -66.8071 4 6 0
0.241793 23.2722 -66.9198 4 6 0
0.239313 23.2415 -66.9271 4 6 0
0.236926 23.2068 -66.9321 4 6 0
0.234367 22.7778 -66.896 4 6 0
0.232001 22.7404 -66.9092 4 6 0
0.229717 22.6969 -66.9197 4 6 0
0.227395 22.0639 -66.8704 4 6 0
0.225196 21.9894 -66.886 4 6 0
0.223057 21.9134 -66.8995 4 6 0
0.22092 22.3147 -66.8651 4 6 0
0.218869 22.2476 -66.8805 4 6 0
0.216895 22.1808 -66.893 4 6 0
0.214776 23.2269 -66.9122 4 6 0
0.212792 23.2237 -66.9271 4 6 0
0.210937 23.2085 -66.9353 4 6 0
0.209044 23.1436 -66.9003 4 6 0
0.207198 23.1397 -66.9202 4 6 0
0.20547 23.1383 -66.9366 4 6 0
0.203688 22.1723 -66.8377 4 6 0
0.202014 22.153 -66.8616 4 6 0
0.200401 22.14 -66.8804 3 6 0
0.198827 22.9662 -66.8128 4 6 0
0.197267 22.9512 -66.8455 4 6 0
0.195772 22.9327 -66.8718 4 6 0
0.194362 22.4175 -66.8228 4 6 0
0.192985 22.2856 -66.8499 4 6 0
0.1917 22.164 -66.878 4 6 0
0.190211 23.0052 -66.8082 4 6 0
0.188889 22.9996 -66.8471 4 6 0
0.187635 22.9943 -66.8777 4 6 0
0.186465 22.392 -66.7708 4 6 0
0.185283 22.338 -66.8189 4 6 0
0.184142 22.2672 -66.8597 4 6 0
0.183098 23.0586 -66.8519 4 6 0
0.182024 23.0922 -66.8927 4 6 0
0.180982 23.1075 -66.9232 4 6 0
0.179997 22.9138 -66.8972 4 6 0
0.178991 22.902 -66.9239 4 6 0
0.178056 22.8898 -66.9409 4 6 0
0.177149 22.9842 -66.9755 4 6 0
0.176287 22.956 -66.9659 4 6 0
0.17547 22.9174 -66.9518 4 6 0
0.174649 22.1344 -66.958 4 6 0
0.173873 22.198 -66.955 4 6 0
0.173133 22.193 -66.9461 4 6 0
0.172418 22.1869 -66.9863 4 6 0
0.171729 22.001 -66.9785 4 6 0
0.17113 21.6954 -66.9726 4 6 0
0.170405 22.8781 -66.9379 4 6 0
0.169803 22.8094 -66.9618 4 6 0
0.169247 22.7027 -66.9796 4 6 0
0.168659 22.0766 -66.9024 4 6 0
0.168131 21.8141 -66.9463 4 6 0
0.167697 21.8714 -66.9813 4 6 0
0.167007 23.0818 -67.0027 4 6 0
0.16657 23.0174 -66.9997 4 6 0
0.166161 22.9399 -66.9943 4 6 0
0.165693 22.4721 -67.0651 4 6 0
0.165326 22.0975 -67.0708 4 6 0
0.165051 21.6946 -67.0752 4 6 0
0.16476 22.9006 -66.8504 4 6 0
0.164529 22.8997 -66.822 4 6 0
0.16454 22.5988 -66.8334 4 6 0
